9
9
11
1 9 5
9 1 1
1 3 8
4 1 1
3 2 3
3 4 2
2 5 2
4 2 6
7 6 1
6 8 3
7 8 2
5 4 5
9
11
1 9 5
9 1 1
1 3 8
4 1 1
3 2 3
3 4 2
2 5 2
4 2 6
7 6 1
6 8 3
7 8 2
5 4 50
6
5
4 2 3
1 3 1
3 2 2
2 5 3
5 4 4
4 1 5
6
5
4 2 6
1 3 1
3 2 2
2 5 3
5 4 4
4 1 6
9
11
6 7 8
9 1 1
1 3 8
4 1 1
3 2 3
3 4 2
2 5 2
4 2 6
7 6 1
6 8 3
7 8 2
5 4 5
9
11
9 8 4
9 1 1
1 3 8
4 1 1
3 2 3
3 4 2
2 5 2
4 2 6
7 6 1
6 8 3
7 8 2
5 4 5
1053
2017
1 2 714
3 2 120
2 4 120
3 4 15
4 5 21
5 6 16
4 6 21
6 7 20
7 4 16
2 1 150
1 84 21
84 85 27
84 86 15
86 85 16
86 87 18
87 83 13
83 84 20
83 7 27
83 81 12
81 6 34
6 69 26
69 8 27
8 6 28
8 18 15
18 9 12
8 9 14
18 10 12
10 11 25
11 13 25
12 11 24
10 12 29
19 18 15
19 17 26
17 12 19
12 13 30
13 14 27
14 16 15
16 17 27
17 22 26
22 15 37
15 14 18
16 22 21
15 25 21
25 26 15
29 26 17
29 30 9
24 25 32
24 23 18
23 15 40
23 143 17
22 143 19
22 21 27
21 20 22
20 17 11
20 74 17
74 9 21
9 69 24
71 70 16
70 69 18
70 9 19
70 73 10
73 74 18
73 72 11
72 75 19
75 20 16
75 21 17
21 76 17
76 72 22
72 77 18
77 78 14
78 76 22
76 77 13
77 79 16
79 80 13
79 72 16
71 72 13
71 81 24
81 69 19
81 82 18
82 87 18
87 88 24
88 80 21
80 82 22
80 71 29
80 78 27
100 78 25
100 80 28
88 91 22
89 87 27
89 88 23
89 90 22
90 91 20
90 92 25
90 96 10
96 98 15
98 91 12
98 103 11
99 88 22
99 103 20
103 101 13
101 99 16
101 100 15
100 102 11
102 101 12
102 111 31
141 111 43
142 141 35
141 21 37
141 143 20
141 140 15
23 140 18
140 138 20
31 138 32
138 139 18
139 146 18
146 31 29
139 31 37
31 28 25
30 31 11
29 28 17
28 27 18
27 26 12
27 33 25
33 32 16
32 28 13
32 34 11
34 35 19
35 148 25
148 147 24
147 32 30
147 146 17
148 146 27
145 146 16
145 139 20
145 155 28
155 153 27
153 133 14
133 154 9
133 144 27
144 145 21
144 137 21
137 139 25
137 138 34
138 136 32
136 141 34
136 137 14
137 132 14
136 113 36
113 135 23
135 137 27
132 133 37
133 129 23
125 129 14
125 154 12
154 153 13
132 131 16
131 130 24
130 129 12
130 118 34
118 134 23
134 135 17
135 117 35
117 115 21
115 114 14
142 112 18
112 113 21
112 111 17
112 110 16
110 102 18
102 106 29
106 104 19
103 104 13
98 97 15
96 95 16
90 94 19
92 93 21
94 93 22
94 95 12
95 97 17
97 104 10
106 107 19
107 105 23
105 106 24
107 108 23
108 116 24
109 108 15
109 102 15
109 110 15
110 114 38
114 113 14
115 116 27
118 119 28
467 118 41
119 467 17
467 125 28
125 128 17
158 128 20
158 153 26
158 152 29
158 156 29
156 157 9
157 161 11
157 160 22
161 160 23
153 152 17
152 156 11
152 148 44
148 149 23
149 36 19
36 148 21
149 156 40
157 150 31
150 149 30
150 52 14
52 44 31
44 43 16
43 36 11
43 35 17
43 37 10
37 34 15
37 38 18
38 39 13
33 39 20
33 38 18
33 34 16
37 41 12
41 40 15
40 39 12
38 40 12
38 41 13
41 42 13
42 43 10
42 45 12
44 45 11
41 46 15
45 46 13
46 47 14
47 40 17
47 48 16
48 46 11
48 49 13
49 47 13
49 54 19
53 48 17
48 50 16
50 45 16
50 51 14
51 52 14
51 56 20
56 53 42
53 57 46
53 55 44
54 55 36
55 60 15
55 57 28
57 58 15
59 55 20
59 61 13
61 60 13
60 62 24
61 62 18
59 58 18
58 165 30
58 183 28
59 185 31
185 191 26
191 63 11
63 65 13
65 62 13
62 63 16
165 166 12
56 57 26
56 166 23
56 151 23
151 150 15
151 160 14
151 163 21
163 164 24
164 166 22
165 167 28
167 181 15
182 181 15
182 183 19
183 184 19
184 185 26
185 183 14
184 187 24
187 186 33
186 185 21
186 191 27
186 193 19
186 192 26
65 66 16
66 192 30
66 64 9
64 65 14
64 62 16
64 67 23
67 66 17
67 206 21
68 67 19
68 66 25
68 208 17
208 206 16
208 205 14
205 204 23
204 192 10
204 68 21
204 194 13
194 193 11
193 204 17
204 202 18
205 202 16
205 207 20
207 208 17
206 207 24
207 209 15
206 209 28
207 214 11
214 215 18
215 209 14
209 214 16
215 217 16
217 216 10
216 215 17
213 215 20
213 216 12
213 214 14
214 210 23
210 207 25
210 211 23
211 213 28
211 214 35
211 218 23
213 218 16
218 219 16
219 213 26
216 219 18
219 221 15
216 221 16
217 221 11
221 222 25
222 224 16
224 223 24
219 224 17
219 220 27
220 223 15
220 211 24
210 201 13
202 203 12
203 194 12
194 195 17
195 203 13
195 196 15
196 193 14
196 197 15
195 197 16
195 198 13
198 197 14
197 187 14
198 199 15
199 200 16
201 202 13
200 201 22
200 212 11
212 210 30
212 211 23
211 366 35
211 367 28
223 225 22
225 224 28
224 226 30
226 227 15
227 222 23
226 228 19
226 231 30
231 225 16
231 230 13
229 230 32
229 228 20
229 233 32
232 230 19
232 233 42
158 159 24
159 161 27
161 158 22
119 120 24
120 121 21
121 119 38
124 119 42
124 127 15
127 126 15
467 126 33
126 128 17
126 158 31
158 456 31
456 174 18
174 159 11
159 162 27
162 161 23
162 163 19
162 170 15
170 164 21
169 164 26
164 167 20
181 168 13
168 169 21
169 171 14
171 170 11
162 172 15
172 171 14
172 176 24
172 173 16
173 175 19
173 174 11
174 175 22
174 455 26
175 455 22
175 450 33
450 177 14
177 175 34
177 178 17
178 179 14
178 168 16
179 168 23
179 180 22
180 168 18
168 188 24
188 182 23
188 187 24
188 180 18
180 190 30
190 189 26
189 180 17
189 447 27
447 179 16
447 450 19
126 456 18
126 457 24
457 174 26
457 456 15
457 459 18
459 127 18
190 187 27
190 199 45
199 368 24
368 212 21
368 367 18
367 365 24
368 365 33
365 369 23
369 368 17
368 370 22
370 199 19
370 371 15
371 381 13
381 190 27
190 370 39
371 369 32
365 361 37
361 360 17
360 231 16
230 359 29
359 360 18
1014 361 16
1014 359 12
1014 362 17
362 364 18
364 365 22
362 363 13
363 358 20
358 359 17
358 230 36
358 255 17
232 255 26
255 256 20
256 232 40
256 254 22
254 253 19
253 234 20
234 232 39
234 233 28
233 236 30
236 235 24
234 235 23
253 235 22
235 237 15
237 238 21
238 239 30
236 239 29
239 240 29
240 238 30
238 247 24
247 245 20
245 246 29
245 244 21
244 241 32
241 240 23
241 242 25
242 243 28
243 241 23
243 270 20
271 243 29
271 272 32
272 242 21
271 273 23
273 309 13
309 310 20
310 269 12
269 270 15
270 271 23
269 267 14
267 243 27
267 266 15
266 244 14
245 265 25
265 323 18
323 266 27
266 265 30
265 244 33
323 268 14
267 268 31
268 269 31
310 311 24
311 309 33
309 308 17
308 275 25
275 274 25
273 274 30
274 276 23
276 279 27
279 280 32
280 282 31
282 281 21
281 280 22
294 281 19
294 278 25
278 279 19
276 277 19
278 277 15
277 275 24
300 307 17
307 275 37
300 299 10
277 299 30
299 298 34
298 300 28
298 302 12
298 297 11
297 302 14
301 297 12
301 302 15
301 303 12
303 302 12
303 305 19
305 304 14
304 301 28
298 296 22
296 295 12
295 297 28
295 292 17
292 296 12
292 291 14
291 295 18
291 290 14
290 292 16
278 293 29
293 292 20
293 289 12
289 290 13
289 288 14
288 287 15
287 286 11
286 291 15
287 290 12
290 288 19
288 283 11
288 294 21
283 281 21
281 284 24
284 283 12
287 284 25
284 285 11
285 286 28
307 314 39
314 308 13
314 313 36
313 315 21
307 313 42
315 307 26
307 306 26
307 302 28
306 302 12
306 303 11
306 305 18
305 315 21
317 305 17
305 318 16
318 319 16
319 304 25
318 321 20
321 317 20
317 316 16
316 313 10
313 312 20
312 311 23
311 268 25
268 324 25
324 312 35
312 322 27
322 321 13
322 320 27
322 316 22
322 325 26
325 324 17
324 323 25
324 265 34
325 326 18
326 322 31
320 327 19
327 328 18
328 320 34
328 329 17
326 329 25
326 334 31
324 334 21
334 263 29
263 264 21
264 265 14
264 245 16
245 248 22
248 247 13
357 358 20
357 256 26
357 363 19
363 356 25
356 357 15
356 355 32
355 258 27
258 256 18
258 257 14
257 254 22
257 252 22
252 253 15
252 251 14
251 249 17
249 250 21
250 237 17
249 248 18
249 259 21
249 260 26
251 259 21
259 354 20
354 257 27
257 355 36
355 395 13
395 353 25
353 354 22
353 260 38
260 259 18
260 261 13
261 245 42
261 262 13
262 263 22
262 336 30
336 335 19
335 334 25
336 351 15
351 352 17
352 261 30
352 353 23
123 124 21
123 121 27
123 459 27
123 461 28
461 460 11
460 459 21
451 450 12
451 453 20
453 175 19
453 454 15
454 455 15
455 458 19
458 457 19
458 460 14
461 462 29
462 458 28
462 455 36
462 452 25
452 454 19
452 451 25
65 192 33
218 220 20
122 120 38
122 466 23
466 123 30
123 469 28
123 470 35
470 471 24
461 471 12
470 469 16
123 468 44
466 468 28
468 558 31
558 122 15
558 560 26
560 561 10
560 559 21
559 558 20
559 564 25
564 563 20
563 562 15
562 561 24
564 565 10
565 559 24
566 559 18
566 567 22
567 565 14
567 496 34
496 468 30
468 566 16
566 496 42
496 568 32
568 567 17
496 579 18
496 580 18
580 581 12
581 579 13
579 580 15
579 1015 32
1015 569 14
569 565 26
563 569 35
580 582 23
582 497 23
496 582 30
496 469 28
496 497 31
497 470 16
497 472 16
472 471 13
472 462 28
497 498 22
498 582 25
498 473 24
473 462 20
473 472 26
473 474 17
474 475 19
475 452 18
475 477 16
477 452 11
477 476 12
476 475 14
475 478 20
478 476 11
478 1027 9
478 474 24
474 500 17
500 501 21
501 499 23
501 473 46
500 502 12
502 1027 24
1027 479 16
479 464 14
464 477 34
452 463 29
463 464 22
463 448 18
448 451 31
448 447 25
447 446 26
446 1022 16
1022 189 15
1022 382 13
382 1021 17
1021 190 16
1021 383 21
383 382 22
382 446 17
382 445 24
445 1029 23
1029 383 11
383 384 13
384 379 16
379 381 20
379 380 14
380 372 14
372 369 21
372 373 19
373 365 39
373 386 22
386 385 21
385 380 16
385 384 19
373 374 21
374 1023 20
1023 364 22
1023 363 21
386 1032 13
1032 387 16
387 373 33
387 375 27
375 374 24
375 1033 11
1033 376 26
376 356 20
376 377 17
377 1033 14
387 1033 33
387 388 23
388 431 21
431 389 15
389 1033 18
377 378 13
378 356 17
378 391 17
391 355 18
391 390 15
390 389 27
389 394 41
394 392 15
392 390 12
392 393 11
393 395 16
393 394 17
394 353 44
353 396 45
396 394 23
396 397 19
396 428 17
428 398 27
398 352 29
352 400 14
400 399 16
399 398 14
400 350 20
350 351 21
350 337 19
337 336 28
337 338 18
338 333 22
333 334 20
333 332 25
332 329 17
329 331 18
329 330 26
330 327 31
330 341 17
341 331 22
331 340 27
340 339 14
339 332 20
339 338 14
339 349 16
349 348 13
348 340 13
349 350 35
90 1024 16
1024 89 17
89 1025 15
1025 1026 13
1026 89 18
341 342 26
342 343 16
343 345 14
345 342 15
345 411 33
346 342 54
346 411 17
345 410 16
410 347 17
347 344 20
344 343 13
344 340 16
348 347 22
347 401 34
401 349 26
349 399 47
401 402 15
402 398 35
402 404 22
404 398 26
404 405 14
405 427 33
427 428 26
427 429 14
429 396 20
429 430 24
430 394 21
430 431 34
431 432 25
432 430 15
432 434 13
434 388 40
388 436 37
436 434 16
436 437 22
437 438 31
438 388 30
438 387 29
387 439 21
439 488 22
488 438 22
438 489 27
439 441 25
441 440 22
440 1032 29
440 384 27
440 442 17
442 485 16
485 441 18
485 484 12
484 1028 14
1028 485 11
443 442 14
443 1029 27
443 444 18
444 445 14
444 465 19
465 449 16
449 446 16
449 448 17
464 465 18
444 1028 20
429 433 23
563 572 18
572 573 30
573 574 17
574 575 23
575 571 17
571 572 25
570 571 22
570 576 18
576 575 19
576 577 16
577 578 21
578 1015 16
569 570 27
578 581 35
577 619 24
619 620 22
620 621 36
621 580 44
621 587 33
587 586 18
586 582 20
586 585 21
585 584 17
584 583 18
583 582 15
583 499 27
499 498 16
584 501 23
501 505 20
505 502 21
505 503 13
503 1027 39
503 504 22
504 1027 21
504 482 24
482 481 19
482 480 30
480 479 14
480 465 21
480 481 21
482 596 30
596 503 11
505 596 18
596 506 15
506 505 14
506 594 14
594 501 19
501 589 29
589 594 22
589 584 23
585 589 27
589 588 27
588 585 11
588 587 13
588 590 20
590 589 34
589 591 26
591 592 16
592 589 19
592 640 16
640 593 24
593 589 12
593 642 23
642 641 12
641 640 17
640 655 28
655 641 18
655 656 26
656 640 12
640 639 14
639 656 18
639 638 13
638 591 15
591 590 16
590 634 21
634 635 17
635 590 12
635 621 29
621 622 24
622 632 12
632 633 12
633 634 13
634 637 14
637 638 11
622 624 13
624 623 12
623 620 11
623 619 26
619 609 33
609 598 14
598 575 20
598 599 26
599 574 22
599 608 14
599 600 17
600 602 31
600 607 27
607 609 13
607 610 24
610 1019 17
1019 618 22
618 619 24
610 611 15
602 603 18
603 601 19
601 600 20
601 602 24
601 605 14
605 606 16
606 600 14
606 1035 11
1035 607 12
1035 611 19
611 1034 12
1034 605 11
655 654 13
654 642 14
642 595 14
595 594 17
595 596 21
596 1036 11
1036 508 10
595 597 16
597 1036 17
654 653 19
653 597 18
654 652 19
655 652 19
652 651 11
651 650 11
650 649 16
649 648 12
648 647 11
647 646 11
646 653 10
653 652 11
652 645 12
645 646 15
645 653 15
645 647 14
645 648 16
645 649 15
645 650 17
645 651 15
646 643 17
643 597 21
508 643 15
508 507 11
507 482 20
482 1038 14
1038 481 17
1038 483 13
483 444 43
507 509 15
643 644 15
508 644 28
644 509 25
644 510 17
647 644 16
648 1018 24
648 673 11
673 512 24
1018 512 18
1018 510 18
510 512 33
512 511 26
511 510 19
511 490 12
490 487 36
511 486 45
509 483 32
483 1039 9
1039 510 45
1039 484 22
484 486 15
486 441 30
486 487 29
487 488 28
487 1040 11
1040 489 16
1040 490 32
489 491 25
491 492 14
492 437 13
437 493 21
493 492 18
491 513 18
513 512 40
515 513 18
515 516 22
516 512 15
513 514 21
514 494 19
492 494 18
494 493 15
493 519 36
519 518 15
518 514 19
519 520 16
520 521 15
521 495 21
495 493 30
493 435 25
435 434 23
435 495 24
495 433 26
433 426 24
426 427 14
426 425 17
425 406 23
406 405 16
406 403 21
403 402 21
403 401 21
403 408 27
408 347 32
408 409 16
409 410 25
410 412 19
412 409 17
412 413 24
413 411 21
346 415 19
415 414 12
414 413 18
413 416 15
416 414 23
416 417 18
417 409 19
417 418 17
418 416 18
418 419 26
419 540 19
540 415 21
540 542 17
540 541 18
541 415 30
542 538 26
538 419 25
538 537 27
537 536 22
536 421 36
421 419 25
421 420 15
420 418 13
420 407 26
407 408 22
407 403 28
407 422 32
422 421 36
422 536 24
422 526 23
526 525 13
525 524 12
524 426 14
524 424 18
424 425 21
424 423 14
423 406 19
423 422 30
422 424 34
524 522 22
495 522 21
521 527 20
527 523 13
523 522 15
523 525 21
527 526 28
527 528 17
528 422 32
528 530 23
530 527 24
530 521 33
520 535 19
535 518 22
518 1012 13
1012 517 17
517 515 28
517 1013 16
685 1013 23
685 686 18
686 535 14
686 1012 18
685 533 30
533 534 25
534 535 25
534 530 22
530 531 20
531 529 22
529 528 29
529 532 33
531 532 24
532 533 24
533 531 25
529 536 23
536 696 25
696 537 17
517 678 13
678 516 27
516 677 26
677 674 16
674 516 22
674 673 17
673 675 18
675 649 14
675 676 13
676 677 23
677 680 20
680 676 13
676 672 14
672 675 19
672 670 20
670 671 13
671 650 17
650 667 22
667 671 19
667 1042 11
1042 666 10
666 651 22
1042 668 13
668 665 11
665 666 15
668 667 20
667 669 24
669 1037 10
1037 668 14
668 664 15
664 657 17
657 665 13
657 1043 10
1043 664 11
657 656 13
657 1041 19
1041 639 12
1041 658 18
658 638 24
658 1043 26
658 659 14
659 636 16
636 637 19
636 633 19
659 631 26
631 632 27
631 625 27
625 624 29
625 626 14
626 623 28
626 627 13
627 630 31
630 625 30
627 628 13
628 617 13
617 618 34
617 610 40
610 616 30
616 617 25
616 615 15
615 614 16
614 613 25
613 610 43
610 615 33
613 612 14
612 1034 28
612 604 13
604 605 26
604 603 31
604 795 30
795 613 32
613 794 25
794 793 18
793 614 14
794 795 30
630 1020 24
1020 631 15
1020 660 19
660 659 27
659 661 26
661 660 24
661 662 26
662 663 22
663 664 14
664 1037 16
663 669 28
669 662 33
662 771 20
662 761 28
761 669 20
761 762 14
762 771 28
771 773 40
773 772 20
772 660 21
772 629 30
629 630 23
629 628 42
617 790 22
790 629 26
790 789 11
789 791 16
791 617 33
791 616 19
791 792 15
792 793 27
761 760 17
760 669 27
669 1016 16
1016 670 16
1016 758 28
760 758 22
758 682 20
682 670 16
682 672 15
682 681 31
672 680 22
680 681 14
681 679 15
679 677 24
679 684 13
684 1013 30
684 678 30
684 689 14
681 689 19
758 757 27
757 682 29
757 683 14
683 681 17
689 688 14
688 687 28
687 684 25
687 685 20
687 533 23
533 690 36
690 688 21
690 691 19
691 533 34
691 692 25
692 533 50
692 693 27
693 532 19
693 695 41
692 694 23
694 695 33
695 696 34
695 697 13
697 539 26
539 538 13
539 537 33
697 543 32
543 542 23
544 541 19
541 545 13
545 546 12
546 547 14
547 548 22
548 544 29
544 547 14
544 546 15
545 544 13
542 545 13
542 419 26
546 543 13
547 549 17
549 543 35
549 550 23
550 548 15
550 552 16
552 553 31
553 555 30
555 554 15
554 552 21
552 557 27
557 556 20
556 554 30
556 708 28
708 555 36
557 705 36
705 556 31
705 707 16
707 708 27
708 709 26
709 707 21
705 704 12
704 703 12
703 702 19
702 704 20
702 706 28
706 704 17
706 705 20
706 725 24
707 1045 19
1045 706 21
706 724 23
724 725 25
725 1044 9
1044 702 22
702 699 19
699 1031 19
1031 551 23
551 703 30
551 557 19
551 549 22
551 1011 31
1011 698 25
698 697 24
697 700 35
700 698 31
698 699 21
699 701 23
701 700 22
700 694 28
701 727 16
727 726 26
726 702 20
726 1044 13
724 732 29
732 723 30
723 724 21
723 733 19
723 715 19
715 724 29
724 1045 23
1045 714 23
714 1046 12
1046 712 10
712 715 16
715 714 12
715 716 22
716 712 26
712 713 10
713 1046 15
1046 711 13
711 709 21
709 1046 30
711 710 20
710 708 44
716 734 13
716 723 22
713 717 23
712 717 26
713 718 16
718 719 17
719 710 20
719 720 19
720 721 18
721 722 15
720 736 28
736 735 25
735 717 10
717 718 27
735 734 30
734 739 18
739 733 20
733 1047 17
1047 740 16
740 741 20
741 1047 18
1047 739 14
741 742 18
742 739 13
742 737 40
737 735 19
737 738 22
738 736 28
738 868 19
868 737 17
868 867 24
866 867 40
866 742 37
740 743 14
743 732 27
732 730 23
730 729 12
729 732 25
743 731 25
731 730 13
731 728 31
728 730 31
728 729 27
728 726 41
728 727 25
728 748 21
748 700 25
728 746 20
746 747 15
747 748 13
747 749 17
749 692 14
728 745 27
745 744 18
744 728 24
746 752 15
752 751 22
751 749 21
751 750 17
750 692 28
750 690 21
690 754 25
754 688 28
754 755 18
755 683 31
755 759 16
759 757 19
759 758 37
758 763 29
763 760 26
763 764 16
764 765 24
765 766 18
766 755 17
755 756 14
756 753 19
753 751 25
753 752 30
752 769 32
769 753 31
769 768 16
768 767 31
767 756 39
767 766 23
767 765 25
767 764 37
764 782 33
782 767 32
767 783 24
783 782 17
783 768 37
768 856 20
856 857 16
857 858 13
858 784 14
784 744 29
784 769 27
769 745 30
762 770 33
770 764 27
764 781 26
781 782 16
781 780 26
780 770 26
770 779 34
779 771 18
779 778 25
778 773 56
778 780 24
780 849 18
849 782 25
778 777 34
777 776 34
776 775 13
775 772 18
775 774 11
774 629 19
774 1017 13
1017 776 13
1017 785 13
785 786 13
786 1017 11
786 787 26
787 788 13
788 789 17
788 792 19
788 804 11
804 792 19
774 776 15
802 804 25
802 801 29
801 793 24
801 800 19
800 799 16
799 795 25
795 796 23
796 799 21
799 798 17
798 797 20
797 796 22
798 811 41
811 810 15
811 800 33
810 801 16
810 809 12
809 803 13
803 802 20
803 808 27
809 839 27
839 808 17
808 841 23
808 805 19
805 804 28
788 806 37
787 807 17
807 806 22
785 844 13
785 807 21
785 776 21
844 845 30
845 777 17
845 846 24
846 843 27
843 844 17
843 842 17
842 806 14
842 841 23
841 916 21
916 915 25
915 843 20
915 914 18
914 846 35
846 1004 38
1004 847 26
847 780 32
847 848 28
848 849 17
849 852 27
852 782 23
852 853 30
853 856 15
853 855 21
855 857 13
855 861 11
861 858 23
858 859 18
859 865 17
865 743 14
865 864 40
864 866 25
864 863 12
863 860 15
860 864 20
860 859 24
860 861 16
861 862 15
862 860 13
862 907 14
907 863 19
863 905 12
905 906 20
906 907 17
907 908 17
908 906 15
908 854 29
854 855 20
854 853 18
854 850 38
850 852 27
850 848 27
848 851 21
851 850 21
851 1030 16
1030 847 30
847 919 43
919 913 24
913 846 45
913 914 31
914 916 28
916 918 30
918 914 23
916 917 21
917 841 14
917 840 32
840 839 19
839 838 17
838 811 17
811 836 14
836 838 15
838 840 17
836 837 21
837 815 15
815 812 22
812 811 16
812 813 17
813 798 20
797 814 22
814 813 27
814 1003 18
1003 815 20
815 816 24
816 817 33
817 1003 23
817 818 25
818 822 36
822 821 30
821 819 13
819 818 30
818 820 54
819 820 25
820 1005 15
1005 821 18
821 828 16
828 1005 17
828 829 16
829 830 17
828 830 17
830 831 19
831 1000 13
1000 830 17
830 827 21
827 822 15
822 823 24
823 816 27
816 824 16
824 823 21
823 826 24
823 833 43
826 834 15
826 825 14
825 824 12
831 1001 17
829 1002 36
1001 832 35
832 831 42
1000 832 43
832 833 18
832 930 16
832 931 10
832 932 17
932 931 16
931 930 10
930 933 12
931 999 26
932 999 32
932 992 13
932 983 27
992 993 18
993 999 23
999 994 23
994 997 15
997 998 13
998 999 22
999 934 21
934 933 23
930 929 38
833 834 13
834 835 29
835 825 22
835 837 28
835 836 29
835 840 32
835 929 16
929 928 37
928 927 19
927 926 32
926 840 31
926 916 39
927 935 14
935 934 20
934 928 19
935 925 21
925 918 37
918 924 35
924 925 27
924 923 17
923 913 38
923 921 14
921 919 28
919 920 30
920 922 15
922 921 22
920 912 31
912 910 24
910 850 22
910 909 19
909 908 22
909 911 19
911 912 13
911 902 19
902 903 13
903 906 18
905 864 18
905 904 33
904 903 18
904 880 21
880 878 31
878 866 19
878 879 21
879 877 27
877 867 13
877 876 23
876 869 17
869 868 21
869 870 17
870 738 31
870 872 15
872 871 10
871 869 27
871 875 12
875 876 28
876 881 50
881 879 17
881 880 23
881 890 18
890 889 15
889 882 31
882 881 34
882 883 13
883 884 16
884 875 17
875 874 17
874 873 12
873 872 14
873 870 26
874 886 26
886 887 36
887 888 19
888 885 32
885 883 17
885 884 12
885 886 14
888 889 33
889 897 12
897 898 19
898 889 27
890 899 42
899 898 17
898 900 14
900 899 14
899 901 16
901 902 20
902 945 27
945 901 20
945 944 13
944 946 14
946 899 18
946 947 21
947 900 13
947 948 27
948 897 29
888 891 17
891 892 17
892 887 21
892 893 25
893 891 21
893 894 19
894 892 26
894 895 12
895 896 33
896 893 23
896 948 11
896 955 47
954 953 25
953 948 19
948 949 34
949 947 22
953 952 18
952 949 15
949 950 18
950 943 21
943 944 19
944 912 31
949 1048 15
1048 943 19
943 922 21
922 942 19
942 943 17
942 941 15
941 950 19
950 951 24
951 952 14
951 954 17
954 960 34
960 941 18
941 940 14
940 1006 18
1006 922 17
1006 923 16
940 939 13
939 938 12
938 1007 14
1007 924 14
924 939 20
940 961 18
961 960 19
960 940 24
1009 960 12
1009 962 15
962 1008 16
1008 961 11
961 938 13
1008 937 16
937 1007 17
937 936 17
936 935 25
936 998 21
936 997 18
936 996 29
996 963 21
963 962 16
962 996 35
963 959 34
959 1009 33
959 958 17
958 954 16
954 955 16
956 958 21
956 955 15
956 957 18
957 895 60
957 959 32
959 956 20
959 965 26
965 967 13
967 957 16
957 1010 23
1010 969 23
969 968 18
968 967 15
968 970 33
970 971 29
971 969 15
965 966 16
966 964 14
964 959 25
988 966 29
988 964 32
964 989 22
989 988 17
989 990 24
990 995 16
995 996 14
996 997 21
994 995 13
993 994 16
994 990 22
990 991 17
991 987 21
987 990 23
987 988 17
987 970 22
970 986 25
986 985 19
985 987 20
985 1050 19
1050 992 22
992 991 22
1050 1052 14
1052 992 11
1052 983 12
983 1050 10
1050 1051 16
983 982 38
1051 983 13
1051 981 20
981 982 24
981 980 14
980 979 13
979 978 18
978 980 16
978 977 18
977 981 30
977 984 31
984 981 23
984 985 18
984 986 26
986 1049 20
1049 984 26
1049 976 16
976 977 17
977 975 18
975 978 22
975 976 25
975 974 34
974 973 23
973 976 32
973 972 16
972 1049 32
972 971 25
111 1053 24
1053 141 26
117 118 15
319 320 16
720 718 19
182 184 20
9 19 15
19 12 20
767 769 41
827 823 17
827 1000 20
933 999 18
934 998 22
315 306 23
320 321 20
414 419 20
21 143 25
24 30 19
813 815 19
805 806 10
205 210 17
134 131 15
263 335 17
35 36 17
175 176 22
176 177 15
1053
2017
301 156 714
3 2 12
2 4 12
3 4 15
4 5 21
5 6 16
4 6 21
6 7 20
7 4 16
2 1 15
1 84 21
84 85 27
84 86 15
86 85 16
86 87 18
87 83 13
83 84 20
83 7 27
83 81 12
81 6 34
6 69 26
69 8 27
8 6 28
8 18 15
18 9 12
8 9 14
18 10 12
10 11 25
11 13 25
12 11 24
10 12 29
19 18 15
19 17 26
17 12 19
12 13 30
13 14 27
14 16 15
16 17 27
17 22 26
22 15 37
15 14 18
16 22 21
15 25 21
25 26 15
29 26 17
29 30 9
24 25 32
24 23 18
23 15 40
23 143 17
22 143 19
22 21 27
21 20 22
20 17 11
20 74 17
74 9 21
9 69 24
71 70 16
70 69 18
70 9 19
70 73 10
73 74 18
73 72 11
72 75 19
75 20 16
75 21 17
21 76 17
76 72 22
72 77 18
77 78 14
78 76 22
76 77 13
77 79 16
79 80 13
79 72 16
71 72 13
71 81 24
81 69 19
81 82 18
82 87 18
87 88 24
88 80 21
80 82 22
80 71 29
80 78 27
100 78 25
100 80 28
88 91 22
89 87 27
89 88 23
89 90 22
90 91 20
90 92 25
90 96 10
96 98 15
98 91 12
98 103 11
99 88 22
99 103 20
103 101 13
101 99 16
101 100 15
100 102 11
102 101 12
102 111 31
141 111 43
142 141 35
141 21 37
141 143 20
141 140 15
23 140 18
140 138 20
31 138 32
138 139 18
139 146 18
146 31 29
139 31 37
31 28 25
30 31 11
29 28 17
28 27 18
27 26 12
27 33 25
33 32 16
32 28 13
32 34 11
34 35 19
35 148 25
148 147 24
147 32 30
147 146 17
148 146 27
145 146 16
145 139 20
145 155 28
155 153 27
153 133 14
133 154 9
133 144 27
144 145 21
144 137 21
137 139 25
137 138 34
138 136 32
136 141 34
136 137 14
137 132 14
136 113 36
113 135 23
135 137 27
132 133 37
133 129 23
125 129 14
125 154 12
154 153 13
132 131 16
131 130 24
130 129 12
130 118 34
118 134 23
134 135 17
135 117 35
117 115 21
115 114 14
142 112 18
112 113 21
112 111 17
112 110 16
110 102 18
102 106 29
106 104 19
103 104 13
98 97 15
96 95 16
90 94 19
92 93 21
94 93 22
94 95 12
95 97 17
97 104 10
106 107 19
107 105 23
105 106 24
107 108 23
108 116 24
109 108 15
109 102 15
109 110 15
110 114 38
114 113 14
115 116 27
118 119 28
467 118 41
119 467 17
467 125 28
125 128 17
158 128 20
158 153 26
158 152 29
158 156 29
156 157 9
157 161 11
157 160 22
161 160 23
153 152 17
152 156 11
152 148 44
148 149 23
149 36 19
36 148 21
149 156 40
157 150 31
150 149 30
150 52 14
52 44 31
44 43 16
43 36 11
43 35 17
43 37 10
37 34 15
37 38 18
38 39 13
33 39 20
33 38 18
33 34 16
37 41 12
41 40 15
40 39 12
38 40 12
38 41 13
41 42 13
42 43 10
42 45 12
44 45 11
41 46 15
45 46 13
46 47 14
47 40 17
47 48 16
48 46 11
48 49 13
49 47 13
49 54 19
53 48 17
48 50 16
50 45 16
50 51 14
51 52 14
51 56 20
56 53 42
53 57 46
53 55 44
54 55 36
55 60 15
55 57 28
57 58 15
59 55 20
59 61 13
61 60 13
60 62 24
61 62 18
59 58 18
58 165 30
58 183 28
59 185 31
185 191 26
191 63 11
63 65 13
65 62 13
62 63 16
165 166 12
56 57 26
56 166 23
56 151 23
151 150 15
151 160 14
151 163 21
163 164 24
164 166 22
165 167 28
167 181 15
182 181 15
182 183 19
183 184 19
184 185 26
185 183 14
184 187 24
187 186 33
186 185 21
186 191 27
186 193 19
186 192 26
65 66 16
66 192 30
66 64 9
64 65 14
64 62 16
64 67 23
67 66 17
67 206 21
68 67 19
68 66 25
68 208 17
208 206 16
208 205 14
205 204 23
204 192 10
204 68 21
204 194 13
194 193 11
193 204 17
204 202 18
205 202 16
205 207 20
207 208 17
206 207 24
207 209 15
206 209 28
207 214 11
214 215 18
215 209 14
209 214 16
215 217 16
217 216 10
216 215 17
213 215 20
213 216 12
213 214 14
214 210 23
210 207 25
210 211 23
211 213 28
211 214 35
211 218 23
213 218 16
218 219 16
219 213 26
216 219 18
219 221 15
216 221 16
217 221 11
221 222 25
222 224 16
224 223 24
219 224 17
219 220 27
220 223 15
220 211 24
210 201 13
202 203 12
203 194 12
194 195 17
195 203 13
195 196 15
196 193 14
196 197 15
195 197 16
195 198 13
198 197 14
197 187 14
198 199 15
199 200 16
201 202 13
200 201 22
200 212 11
212 210 30
212 211 23
211 366 35
211 367 28
223 225 22
225 224 28
224 226 30
226 227 15
227 222 23
226 228 19
226 231 30
231 225 16
231 230 13
229 230 32
229 228 20
229 233 32
232 230 19
232 233 42
158 159 24
159 161 27
161 158 22
119 120 24
120 121 21
121 119 38
124 119 42
124 127 15
127 126 15
467 126 33
126 128 17
126 158 31
158 456 31
456 174 18
174 159 11
159 162 27
162 161 23
162 163 19
162 170 15
170 164 21
169 164 26
164 167 20
181 168 13
168 169 21
169 171 14
171 170 11
162 172 15
172 171 14
172 176 24
172 173 16
173 175 19
173 174 11
174 175 22
174 455 26
175 455 22
175 450 33
450 177 14
177 175 34
177 178 17
178 179 14
178 168 16
179 168 23
179 180 22
180 168 18
168 188 24
188 182 23
188 187 24
188 180 18
180 190 30
190 189 26
189 180 17
189 447 27
447 179 16
447 450 19
126 456 18
126 457 24
457 174 26
457 456 15
457 459 18
459 127 18
190 187 27
190 199 45
199 368 24
368 212 21
368 367 18
367 365 24
368 365 33
365 369 23
369 368 17
368 370 22
370 199 19
370 371 15
371 381 13
381 190 27
190 370 39
371 369 32
365 361 37
361 360 17
360 231 16
230 359 29
359 360 18
1014 361 16
1014 359 12
1014 362 17
362 364 18
364 365 22
362 363 13
363 358 20
358 359 17
358 230 36
358 255 17
232 255 26
255 256 20
256 232 40
256 254 22
254 253 19
253 234 20
234 232 39
234 233 28
233 236 30
236 235 24
234 235 23
253 235 22
235 237 15
237 238 21
238 239 30
236 239 29
239 240 29
240 238 30
238 247 24
247 245 20
245 246 29
245 244 21
244 241 32
241 240 23
241 242 25
242 243 28
243 241 23
243 270 20
271 243 29
271 272 32
272 242 21
271 273 23
273 309 13
309 310 20
310 269 12
269 270 15
270 271 23
269 267 14
267 243 27
267 266 15
266 244 14
245 265 25
265 323 18
323 266 27
266 265 30
265 244 33
323 268 14
267 268 31
268 269 31
310 311 24
311 309 33
309 308 17
308 275 25
275 274 25
273 274 30
274 276 23
276 279 27
279 280 32
280 282 31
282 281 21
281 280 22
294 281 19
294 278 25
278 279 19
276 277 19
278 277 15
277 275 24
300 307 17
307 275 37
300 299 10
277 299 30
299 298 34
298 300 28
298 302 12
298 297 11
297 302 14
301 297 12
301 302 15
301 303 12
303 302 12
303 305 19
305 304 14
304 301 28
298 296 22
296 295 12
295 297 28
295 292 17
292 296 12
292 291 14
291 295 18
291 290 14
290 292 16
278 293 29
293 292 20
293 289 12
289 290 13
289 288 14
288 287 15
287 286 11
286 291 15
287 290 12
290 288 19
288 283 11
288 294 21
283 281 21
281 284 24
284 283 12
287 284 25
284 285 11
285 286 28
307 314 39
314 308 13
314 313 36
313 315 21
307 313 42
315 307 26
307 306 26
307 302 28
306 302 12
306 303 11
306 305 18
305 315 21
317 305 17
305 318 16
318 319 16
319 304 25
318 321 20
321 317 20
317 316 16
316 313 10
313 312 20
312 311 23
311 268 25
268 324 25
324 312 35
312 322 27
322 321 13
322 320 27
322 316 22
322 325 26
325 324 17
324 323 25
324 265 34
325 326 18
326 322 31
320 327 19
327 328 18
328 320 34
328 329 17
326 329 25
326 334 31
324 334 21
334 263 29
263 264 21
264 265 14
264 245 16
245 248 22
248 247 13
357 358 20
357 256 26
357 363 19
363 356 25
356 357 15
356 355 32
355 258 27
258 256 18
258 257 14
257 254 22
257 252 22
252 253 15
252 251 14
251 249 17
249 250 21
250 237 17
249 248 18
249 259 21
249 260 26
251 259 21
259 354 20
354 257 27
257 355 36
355 395 13
395 353 25
353 354 22
353 260 38
260 259 18
260 261 13
261 245 42
261 262 13
262 263 22
262 336 30
336 335 19
335 334 25
336 351 15
351 352 17
352 261 30
352 353 23
123 124 21
123 121 27
123 459 27
123 461 28
461 460 11
460 459 21
451 450 12
451 453 20
453 175 19
453 454 15
454 455 15
455 458 19
458 457 19
458 460 14
461 462 29
462 458 28
462 455 36
462 452 25
452 454 19
452 451 25
65 192 33
218 220 20
122 120 38
122 466 23
466 123 30
123 469 28
123 470 35
470 471 24
461 471 12
470 469 16
123 468 44
466 468 28
468 558 31
558 122 15
558 560 26
560 561 10
560 559 21
559 558 20
559 564 25
564 563 20
563 562 15
562 561 24
564 565 10
565 559 24
566 559 18
566 567 22
567 565 14
567 496 34
496 468 30
468 566 16
566 496 42
496 568 32
568 567 17
496 579 18
496 580 18
580 581 12
581 579 13
579 580 15
579 1015 32
1015 569 14
569 565 26
563 569 35
580 582 23
582 497 23
496 582 30
496 469 28
496 497 31
497 470 16
497 472 16
472 471 13
472 462 28
497 498 22
498 582 25
498 473 24
473 462 20
473 472 26
473 474 17
474 475 19
475 452 18
475 477 16
477 452 11
477 476 12
476 475 14
475 478 20
478 476 11
478 1027 9
478 474 24
474 500 17
500 501 21
501 499 23
501 473 46
500 502 12
502 1027 24
1027 479 16
479 464 14
464 477 34
452 463 29
463 464 22
463 448 18
448 451 31
448 447 25
447 446 26
446 1022 16
1022 189 15
1022 382 13
382 1021 17
1021 190 16
1021 383 21
383 382 22
382 446 17
382 445 24
445 1029 23
1029 383 11
383 384 13
384 379 16
379 381 20
379 380 14
380 372 14
372 369 21
372 373 19
373 365 39
373 386 22
386 385 21
385 380 16
385 384 19
373 374 21
374 1023 20
1023 364 22
1023 363 21
386 1032 13
1032 387 16
387 373 33
387 375 27
375 374 24
375 1033 11
1033 376 26
376 356 20
376 377 17
377 1033 14
387 1033 33
387 388 23
388 431 21
431 389 15
389 1033 18
377 378 13
378 356 17
378 391 17
391 355 18
391 390 15
390 389 27
389 394 41
394 392 15
392 390 12
392 393 11
393 395 16
393 394 17
394 353 44
353 396 45
396 394 23
396 397 19
396 428 17
428 398 27
398 352 29
352 400 14
400 399 16
399 398 14
400 350 20
350 351 21
350 337 19
337 336 28
337 338 18
338 333 22
333 334 20
333 332 25
332 329 17
329 331 18
329 330 26
330 327 31
330 341 17
341 331 22
331 340 27
340 339 14
339 332 20
339 338 14
339 349 16
349 348 13
348 340 13
349 350 35
90 1024 16
1024 89 17
89 1025 15
1025 1026 13
1026 89 18
341 342 26
342 343 16
343 345 14
345 342 15
345 411 33
346 342 54
346 411 17
345 410 16
410 347 17
347 344 20
344 343 13
344 340 16
348 347 22
347 401 34
401 349 26
349 399 47
401 402 15
402 398 35
402 404 22
404 398 26
404 405 14
405 427 33
427 428 26
427 429 14
429 396 20
429 430 24
430 394 21
430 431 34
431 432 25
432 430 15
432 434 13
434 388 40
388 436 37
436 434 16
436 437 22
437 438 31
438 388 30
438 387 29
387 439 21
439 488 22
488 438 22
438 489 27
439 441 25
441 440 22
440 1032 29
440 384 27
440 442 17
442 485 16
485 441 18
485 484 12
484 1028 14
1028 485 11
443 442 14
443 1029 27
443 444 18
444 445 14
444 465 19
465 449 16
449 446 16
449 448 17
464 465 18
444 1028 20
429 433 23
563 572 18
572 573 30
573 574 17
574 575 23
575 571 17
571 572 25
570 571 22
570 576 18
576 575 19
576 577 16
577 578 21
578 1015 16
569 570 27
578 581 35
577 619 24
619 620 22
620 621 36
621 580 44
621 587 33
587 586 18
586 582 20
586 585 21
585 584 17
584 583 18
583 582 15
583 499 27
499 498 16
584 501 23
501 505 20
505 502 21
505 503 13
503 1027 39
503 504 22
504 1027 21
504 482 24
482 481 19
482 480 30
480 479 14
480 465 21
480 481 21
482 596 30
596 503 11
505 596 18
596 506 15
506 505 14
506 594 14
594 501 19
501 589 29
589 594 22
589 584 23
585 589 27
589 588 27
588 585 11
588 587 13
588 590 20
590 589 34
589 591 26
591 592 16
592 589 19
592 640 16
640 593 24
593 589 12
593 642 23
642 641 12
641 640 17
640 655 28
655 641 18
655 656 26
656 640 12
640 639 14
639 656 18
639 638 13
638 591 15
591 590 16
590 634 21
634 635 17
635 590 12
635 621 29
621 622 24
622 632 12
632 633 12
633 634 13
634 637 14
637 638 11
622 624 13
624 623 12
623 620 11
623 619 26
619 609 33
609 598 14
598 575 20
598 599 26
599 574 22
599 608 14
599 600 17
600 602 31
600 607 27
607 609 13
607 610 24
610 1019 17
1019 618 22
618 619 24
610 611 15
602 603 18
603 601 19
601 600 20
601 602 24
601 605 14
605 606 16
606 600 14
606 1035 11
1035 607 12
1035 611 19
611 1034 12
1034 605 11
655 654 13
654 642 14
642 595 14
595 594 17
595 596 21
596 1036 11
1036 508 10
595 597 16
597 1036 17
654 653 19
653 597 18
654 652 19
655 652 19
652 651 11
651 650 11
650 649 16
649 648 12
648 647 11
647 646 11
646 653 10
653 652 11
652 645 12
645 646 15
645 653 15
645 647 14
645 648 16
645 649 15
645 650 17
645 651 15
646 643 17
643 597 21
508 643 15
508 507 11
507 482 20
482 1038 14
1038 481 17
1038 483 13
483 444 43
507 509 15
643 644 15
508 644 28
644 509 25
644 510 17
647 644 16
648 1018 24
648 673 11
673 512 24
1018 512 18
1018 510 18
510 512 33
512 511 26
511 510 19
511 490 12
490 487 36
511 486 45
509 483 32
483 1039 9
1039 510 45
1039 484 22
484 486 15
486 441 30
486 487 29
487 488 28
487 1040 11
1040 489 16
1040 490 32
489 491 25
491 492 14
492 437 13
437 493 21
493 492 18
491 513 18
513 512 40
515 513 18
515 516 22
516 512 15
513 514 21
514 494 19
492 494 18
494 493 15
493 519 36
519 518 15
518 514 19
519 520 16
520 521 15
521 495 21
495 493 30
493 435 25
435 434 23
435 495 24
495 433 26
433 426 24
426 427 14
426 425 17
425 406 23
406 405 16
406 403 21
403 402 21
403 401 21
403 408 27
408 347 32
408 409 16
409 410 25
410 412 19
412 409 17
412 413 24
413 411 21
346 415 19
415 414 12
414 413 18
413 416 15
416 414 23
416 417 18
417 409 19
417 418 17
418 416 18
418 419 26
419 540 19
540 415 21
540 542 17
540 541 18
541 415 30
542 538 26
538 419 25
538 537 27
537 536 22
536 421 36
421 419 25
421 420 15
420 418 13
420 407 26
407 408 22
407 403 28
407 422 32
422 421 36
422 536 24
422 526 23
526 525 13
525 524 12
524 426 14
524 424 18
424 425 21
424 423 14
423 406 19
423 422 30
422 424 34
524 522 22
495 522 21
521 527 20
527 523 13
523 522 15
523 525 21
527 526 28
527 528 17
528 422 32
528 530 23
530 527 24
530 521 33
520 535 19
535 518 22
518 1012 13
1012 517 17
517 515 28
517 1013 16
685 1013 23
685 686 18
686 535 14
686 1012 18
685 533 30
533 534 25
534 535 25
534 530 22
530 531 20
531 529 22
529 528 29
529 532 33
531 532 24
532 533 24
533 531 25
529 536 23
536 696 25
696 537 17
517 678 13
678 516 27
516 677 26
677 674 16
674 516 22
674 673 17
673 675 18
675 649 14
675 676 13
676 677 23
677 680 20
680 676 13
676 672 14
672 675 19
672 670 20
670 671 13
671 650 17
650 667 22
667 671 19
667 1042 11
1042 666 10
666 651 22
1042 668 13
668 665 11
665 666 15
668 667 20
667 669 24
669 1037 10
1037 668 14
668 664 15
664 657 17
657 665 13
657 1043 10
1043 664 11
657 656 13
657 1041 19
1041 639 12
1041 658 18
658 638 24
658 1043 26
658 659 14
659 636 16
636 637 19
636 633 19
659 631 26
631 632 27
631 625 27
625 624 29
625 626 14
626 623 28
626 627 13
627 630 31
630 625 30
627 628 13
628 617 13
617 618 34
617 610 40
610 616 30
616 617 25
616 615 15
615 614 16
614 613 25
613 610 43
610 615 33
613 612 14
612 1034 28
612 604 13
604 605 26
604 603 31
604 795 30
795 613 32
613 794 25
794 793 18
793 614 14
794 795 30
630 1020 24
1020 631 15
1020 660 19
660 659 27
659 661 26
661 660 24
661 662 26
662 663 22
663 664 14
664 1037 16
663 669 28
669 662 33
662 771 20
662 761 28
761 669 20
761 762 14
762 771 28
771 773 40
773 772 20
772 660 21
772 629 30
629 630 23
629 628 42
617 790 22
790 629 26
790 789 11
789 791 16
791 617 33
791 616 19
791 792 15
792 793 27
761 760 17
760 669 27
669 1016 16
1016 670 16
1016 758 28
760 758 22
758 682 20
682 670 16
682 672 15
682 681 31
672 680 22
680 681 14
681 679 15
679 677 24
679 684 13
684 1013 30
684 678 30
684 689 14
681 689 19
758 757 27
757 682 29
757 683 14
683 681 17
689 688 14
688 687 28
687 684 25
687 685 20
687 533 23
533 690 36
690 688 21
690 691 19
691 533 34
691 692 25
692 533 50
692 693 27
693 532 19
693 695 41
692 694 23
694 695 33
695 696 34
695 697 13
697 539 26
539 538 13
539 537 33
697 543 32
543 542 23
544 541 19
541 545 13
545 546 12
546 547 14
547 548 22
548 544 29
544 547 14
544 546 15
545 544 13
542 545 13
542 419 26
546 543 13
547 549 17
549 543 35
549 550 23
550 548 15
550 552 16
552 553 31
553 555 30
555 554 15
554 552 21
552 557 27
557 556 20
556 554 30
556 708 28
708 555 36
557 705 36
705 556 31
705 707 16
707 708 27
708 709 26
709 707 21
705 704 12
704 703 12
703 702 19
702 704 20
702 706 28
706 704 17
706 705 20
706 725 24
707 1045 19
1045 706 21
706 724 23
724 725 25
725 1044 9
1044 702 22
702 699 19
699 1031 19
1031 551 23
551 703 30
551 557 19
551 549 22
551 1011 31
1011 698 25
698 697 24
697 700 35
700 698 31
698 699 21
699 701 23
701 700 22
700 694 28
701 727 16
727 726 26
726 702 20
726 1044 13
724 732 29
732 723 30
723 724 21
723 733 19
723 715 19
715 724 29
724 1045 23
1045 714 23
714 1046 12
1046 712 10
712 715 16
715 714 12
715 716 22
716 712 26
712 713 10
713 1046 15
1046 711 13
711 709 21
709 1046 30
711 710 20
710 708 44
716 734 13
716 723 22
713 717 23
712 717 26
713 718 16
718 719 17
719 710 20
719 720 19
720 721 18
721 722 15
720 736 28
736 735 25
735 717 10
717 718 27
735 734 30
734 739 18
739 733 20
733 1047 17
1047 740 16
740 741 20
741 1047 18
1047 739 14
741 742 18
742 739 13
742 737 40
737 735 19
737 738 22
738 736 28
738 868 19
868 737 17
868 867 24
866 867 40
866 742 37
740 743 14
743 732 27
732 730 23
730 729 12
729 732 25
743 731 25
731 730 13
731 728 31
728 730 31
728 729 27
728 726 41
728 727 25
728 748 21
748 700 25
728 746 20
746 747 15
747 748 13
747 749 17
749 692 14
728 745 27
745 744 18
744 728 24
746 752 15
752 751 22
751 749 21
751 750 17
750 692 28
750 690 21
690 754 25
754 688 28
754 755 18
755 683 31
755 759 16
759 757 19
759 758 37
758 763 29
763 760 26
763 764 16
764 765 24
765 766 18
766 755 17
755 756 14
756 753 19
753 751 25
753 752 30
752 769 32
769 753 31
769 768 16
768 767 31
767 756 39
767 766 23
767 765 25
767 764 37
764 782 33
782 767 32
767 783 24
783 782 17
783 768 37
768 856 20
856 857 16
857 858 13
858 784 14
784 744 29
784 769 27
769 745 30
762 770 33
770 764 27
764 781 26
781 782 16
781 780 26
780 770 26
770 779 34
779 771 18
779 778 25
778 773 56
778 780 24
780 849 18
849 782 25
778 777 34
777 776 34
776 775 13
775 772 18
775 774 11
774 629 19
774 1017 13
1017 776 13
1017 785 13
785 786 13
786 1017 11
786 787 26
787 788 13
788 789 17
788 792 19
788 804 11
804 792 19
774 776 15
802 804 25
802 801 29
801 793 24
801 800 19
800 799 16
799 795 25
795 796 23
796 799 21
799 798 17
798 797 20
797 796 22
798 811 41
811 810 15
811 800 33
810 801 16
810 809 12
809 803 13
803 802 20
803 808 27
809 839 27
839 808 17
808 841 23
808 805 19
805 804 28
788 806 37
787 807 17
807 806 22
785 844 13
785 807 21
785 776 21
844 845 30
845 777 17
845 846 24
846 843 27
843 844 17
843 842 17
842 806 14
842 841 23
841 916 21
916 915 25
915 843 20
915 914 18
914 846 35
846 1004 38
1004 847 26
847 780 32
847 848 28
848 849 17
849 852 27
852 782 23
852 853 30
853 856 15
853 855 21
855 857 13
855 861 11
861 858 23
858 859 18
859 865 17
865 743 14
865 864 40
864 866 25
864 863 12
863 860 15
860 864 20
860 859 24
860 861 16
861 862 15
862 860 13
862 907 14
907 863 19
863 905 12
905 906 20
906 907 17
907 908 17
908 906 15
908 854 29
854 855 20
854 853 18
854 850 38
850 852 27
850 848 27
848 851 21
851 850 21
851 1030 16
1030 847 30
847 919 43
919 913 24
913 846 45
913 914 31
914 916 28
916 918 30
918 914 23
916 917 21
917 841 14
917 840 32
840 839 19
839 838 17
838 811 17
811 836 14
836 838 15
838 840 17
836 837 21
837 815 15
815 812 22
812 811 16
812 813 17
813 798 20
797 814 22
814 813 27
814 1003 18
1003 815 20
815 816 24
816 817 33
817 1003 23
817 818 25
818 822 36
822 821 30
821 819 13
819 818 30
818 820 54
819 820 25
820 1005 15
1005 821 18
821 828 16
828 1005 17
828 829 16
829 830 17
828 830 17
830 831 19
831 1000 13
1000 830 17
830 827 21
827 822 15
822 823 24
823 816 27
816 824 16
824 823 21
823 826 24
823 833 43
826 834 15
826 825 14
825 824 12
831 1001 17
829 1002 36
1001 832 35
832 831 42
1000 832 43
832 833 18
832 930 16
832 931 10
832 932 17
932 931 16
931 930 10
930 933 12
931 999 26
932 999 32
932 992 13
932 983 27
992 993 18
993 999 23
999 994 23
994 997 15
997 998 13
998 999 22
999 934 21
934 933 23
930 929 38
833 834 13
834 835 29
835 825 22
835 837 28
835 836 29
835 840 32
835 929 16
929 928 37
928 927 19
927 926 32
926 840 31
926 916 39
927 935 14
935 934 20
934 928 19
935 925 21
925 918 37
918 924 35
924 925 27
924 923 17
923 913 38
923 921 14
921 919 28
919 920 30
920 922 15
922 921 22
920 912 31
912 910 24
910 850 22
910 909 19
909 908 22
909 911 19
911 912 13
911 902 19
902 903 13
903 906 18
905 864 18
905 904 33
904 903 18
904 880 21
880 878 31
878 866 19
878 879 21
879 877 27
877 867 13
877 876 23
876 869 17
869 868 21
869 870 17
870 738 31
870 872 15
872 871 10
871 869 27
871 875 12
875 876 28
876 881 50
881 879 17
881 880 23
881 890 18
890 889 15
889 882 31
882 881 34
882 883 13
883 884 16
884 875 17
875 874 17
874 873 12
873 872 14
873 870 26
874 886 26
886 887 36
887 888 19
888 885 32
885 883 17
885 884 12
885 886 14
888 889 33
889 897 12
897 898 19
898 889 27
890 899 42
899 898 17
898 900 14
900 899 14
899 901 16
901 902 20
902 945 27
945 901 20
945 944 13
944 946 14
946 899 18
946 947 21
947 900 13
947 948 27
948 897 29
888 891 17
891 892 17
892 887 21
892 893 25
893 891 21
893 894 19
894 892 26
894 895 12
895 896 33
896 893 23
896 948 11
896 955 47
954 953 25
953 948 19
948 949 34
949 947 22
953 952 18
952 949 15
949 950 18
950 943 21
943 944 19
944 912 31
949 1048 15
1048 943 19
943 922 21
922 942 19
942 943 17
942 941 15
941 950 19
950 951 24
951 952 14
951 954 17
954 960 34
960 941 18
941 940 14
940 1006 18
1006 922 17
1006 923 16
940 939 13
939 938 12
938 1007 14
1007 924 14
924 939 20
940 961 18
961 960 19
960 940 24
1009 960 12
1009 962 15
962 1008 16
1008 961 11
961 938 13
1008 937 16
937 1007 17
937 936 17
936 935 25
936 998 21
936 997 18
936 996 29
996 963 21
963 962 16
962 996 35
963 959 34
959 1009 33
959 958 17
958 954 16
954 955 16
956 958 21
956 955 15
956 957 18
957 895 60
957 959 32
959 956 20
959 965 26
965 967 13
967 957 16
957 1010 23
1010 969 23
969 968 18
968 967 15
968 970 33
970 971 29
971 969 15
965 966 16
966 964 14
964 959 25
988 966 29
988 964 32
964 989 22
989 988 17
989 990 24
990 995 16
995 996 14
996 997 21
994 995 13
993 994 16
994 990 22
990 991 17
991 987 21
987 990 23
987 988 17
987 970 22
970 986 25
986 985 19
985 987 20
985 1050 19
1050 992 22
992 991 22
1050 1052 14
1052 992 11
1052 983 12
983 1050 10
1050 1051 16
983 982 38
1051 983 13
1051 981 20
981 982 24
981 980 14
980 979 13
979 978 18
978 980 16
978 977 18
977 981 30
977 984 31
984 981 23
984 985 18
984 986 26
986 1049 20
1049 984 26
1049 976 16
976 977 17
977 975 18
975 978 22
975 976 25
975 974 34
974 973 23
973 976 32
973 972 16
972 1049 32
972 971 25
111 1053 24
1053 141 26
117 118 15
319 320 16
720 718 19
182 184 20
9 19 15
19 12 20
767 769 41
827 823 17
827 1000 20
933 999 18
934 998 22
315 306 23
320 321 20
414 419 20
21 143 25
24 30 19
813 815 19
805 806 10
205 210 17
134 131 15
263 335 17
35 36 17
175 176 22
176 177 15
1060
2017
253 954 1059
3 2 12
2 4 12
3 4 15
4 5 21
5 6 16
4 6 21
6 7 20
7 4 16
2 1 15
1 84 21
84 85 27
84 86 15
86 85 16
86 87 18
87 83 13
83 84 20
83 7 27
83 81 12
81 6 34
6 69 26
69 8 27
8 6 28
8 18 15
18 9 12
8 9 14
18 10 12
10 11 25
11 13 25
12 11 24
10 12 29
19 18 15
19 17 26
17 12 19
12 13 30
13 14 27
14 16 15
16 17 27
17 22 26
22 15 37
15 14 18
16 22 21
15 25 21
25 26 15
29 26 17
29 30 9
24 25 32
24 23 18
23 15 40
23 143 17
22 143 19
22 21 27
21 20 22
20 17 11
20 74 17
74 9 21
9 69 24
71 70 16
70 69 18
70 9 19
70 73 10
73 74 18
73 72 11
72 75 19
75 20 16
75 21 17
21 76 17
76 72 22
72 77 18
77 78 14
78 76 22
76 77 13
77 79 16
79 80 13
79 72 16
71 72 13
71 81 24
81 69 19
81 82 18
82 87 18
87 88 24
88 80 21
80 82 22
80 71 29
80 78 27
100 78 25
100 80 28
88 91 22
89 87 27
89 88 23
89 90 22
90 91 20
90 92 25
90 96 10
96 98 15
98 91 12
98 103 11
99 88 22
99 103 20
103 101 13
101 99 16
101 100 15
100 102 11
102 101 12
102 111 31
141 111 43
142 141 35
141 21 37
141 143 20
141 140 15
23 140 18
140 138 20
31 138 32
138 139 18
139 146 18
146 31 29
139 31 37
31 28 25
30 31 11
29 28 17
28 27 18
27 26 12
27 33 25
33 32 16
32 28 13
32 34 11
34 35 19
35 148 25
148 147 24
147 32 30
147 146 17
148 146 27
145 146 16
145 139 20
145 155 28
155 153 27
153 133 14
133 154 9
133 144 27
144 145 21
144 137 21
137 139 25
137 138 34
138 136 32
136 141 34
136 137 14
137 132 14
136 113 36
113 135 23
135 137 27
132 133 37
133 129 23
125 129 14
125 154 12
154 153 13
132 131 16
131 130 24
130 129 12
130 118 34
118 134 23
134 135 17
135 117 35
117 115 21
115 114 14
142 112 18
112 113 21
112 111 17
112 110 16
110 102 18
102 106 29
106 104 19
103 104 13
98 97 15
96 95 16
90 94 19
92 93 21
94 93 22
94 95 12
95 97 17
97 104 10
106 107 19
107 105 23
105 106 24
107 108 23
108 116 24
109 108 15
109 102 15
109 110 15
110 114 38
114 113 14
115 116 27
118 119 28
467 118 41
119 467 17
467 125 28
125 128 17
158 128 20
158 153 26
158 152 29
158 156 29
156 157 9
157 161 11
157 160 22
161 160 23
153 152 17
152 156 11
152 148 44
148 149 23
149 36 19
36 148 21
149 156 40
157 150 31
150 149 30
150 52 14
52 44 31
44 43 16
43 36 11
43 35 17
43 37 10
37 34 15
37 38 18
38 39 13
33 39 20
33 38 18
33 34 16
37 41 12
41 40 15
40 39 12
38 40 12
38 41 13
41 42 13
42 43 10
42 45 12
44 45 11
41 46 15
45 46 13
46 47 14
47 40 17
47 48 16
48 46 11
48 49 13
49 47 13
49 54 19
53 48 17
48 50 16
50 45 16
50 51 14
51 52 14
51 56 20
56 53 42
53 57 46
53 55 44
54 55 36
55 60 15
55 57 28
57 58 15
59 55 20
59 61 13
61 60 13
60 62 24
61 62 18
59 58 18
58 165 30
58 183 28
59 185 31
185 191 26
191 63 11
63 65 13
65 62 13
62 63 16
165 166 12
56 57 26
56 166 23
56 151 23
151 150 15
151 160 14
151 163 21
163 164 24
164 166 22
165 167 28
167 181 15
182 181 15
182 183 19
183 184 19
184 185 26
185 183 14
184 187 24
187 186 33
186 185 21
186 191 27
186 193 19
186 192 26
65 66 16
66 192 30
66 64 9
64 65 14
64 62 16
64 67 23
67 66 17
67 206 21
68 67 19
68 66 25
68 208 17
208 206 16
208 205 14
205 204 23
204 192 10
204 68 21
204 194 13
194 193 11
193 204 17
204 202 18
205 202 16
205 207 20
207 208 17
206 207 24
207 209 15
206 209 28
207 214 11
214 215 18
215 209 14
209 214 16
215 217 16
217 216 10
216 215 17
213 215 20
213 216 12
213 214 14
214 210 23
210 207 25
210 211 23
211 213 28
211 214 35
211 218 23
213 218 16
218 219 16
219 213 26
216 219 18
219 221 15
216 221 16
217 221 11
221 222 25
222 224 16
224 223 24
219 224 17
219 220 27
220 223 15
220 211 24
210 201 13
202 203 12
203 194 12
194 195 17
195 203 13
195 196 15
196 193 14
196 197 15
195 197 16
195 198 13
198 197 14
197 187 14
198 199 15
199 200 16
201 202 13
200 201 22
200 212 11
212 210 30
212 211 23
211 366 35
211 367 28
223 225 22
225 224 28
224 226 30
226 227 15
227 222 23
226 228 19
226 231 30
231 225 16
231 230 13
229 230 32
229 228 20
229 233 32
232 230 19
232 233 42
158 159 24
159 161 27
161 158 22
119 120 24
120 121 21
121 119 38
124 119 42
124 127 15
127 126 15
467 126 33
126 128 17
126 158 31
158 456 31
456 174 18
174 159 11
159 162 27
162 161 23
162 163 19
162 170 15
170 164 21
169 164 26
164 167 20
181 168 13
168 169 21
169 171 14
171 170 11
162 172 15
172 171 14
172 176 24
172 173 16
173 175 19
173 174 11
174 175 22
174 455 26
175 455 22
175 450 33
450 177 14
177 175 34
177 178 17
178 179 14
178 168 16
179 168 23
179 180 22
180 168 18
168 188 24
188 182 23
188 187 24
188 180 18
180 190 30
190 189 26
189 180 17
189 447 27
447 179 16
447 450 19
126 456 18
126 457 24
457 174 26
457 456 15
457 459 18
459 127 18
190 187 27
190 199 45
199 368 24
368 212 21
368 367 18
367 365 24
368 365 33
365 369 23
369 368 17
368 370 22
370 199 19
370 371 15
371 381 13
381 190 27
190 370 39
371 369 32
365 361 37
361 360 17
360 231 16
230 359 29
359 360 18
1014 361 16
1014 359 12
1014 362 17
362 364 18
364 365 22
362 363 13
363 358 20
358 359 17
358 230 36
358 255 17
232 255 26
255 256 20
256 232 40
256 254 22
254 253 19
253 234 20
234 232 39
234 233 28
233 236 30
236 235 24
234 235 23
253 235 22
235 237 15
237 238 21
238 239 30
236 239 29
239 240 29
240 238 30
238 247 24
247 245 20
245 246 29
245 244 21
244 241 32
241 240 23
241 242 25
242 243 28
243 241 23
243 270 20
271 243 29
271 272 32
272 242 21
271 273 23
273 309 13
309 310 20
310 269 12
269 270 15
270 271 23
269 267 14
267 243 27
267 266 15
266 244 14
245 265 25
265 323 18
323 266 27
266 265 30
265 244 33
323 268 14
267 268 31
268 269 31
310 311 24
311 309 33
309 308 17
308 275 25
275 274 25
273 274 30
274 276 23
276 279 27
279 280 32
280 282 31
282 281 21
281 280 22
294 281 19
294 278 25
278 279 19
276 277 19
278 277 15
277 275 24
300 307 17
307 275 37
300 299 10
277 299 30
299 298 34
298 300 28
298 302 12
298 297 11
297 302 14
301 297 12
301 302 15
301 303 12
303 302 12
303 305 19
305 304 14
304 301 28
298 296 22
296 295 12
295 297 28
295 292 17
292 296 12
292 291 14
291 295 18
291 290 14
290 292 16
278 293 29
293 292 20
293 289 12
289 290 13
289 288 14
288 287 15
287 286 11
286 291 15
287 290 12
290 288 19
288 283 11
288 294 21
283 281 21
281 284 24
284 283 12
287 284 25
284 285 11
285 286 28
307 314 39
314 308 13
314 313 36
313 315 21
307 313 42
315 307 26
307 306 26
307 302 28
306 302 12
306 303 11
306 305 18
305 315 21
317 305 17
305 318 16
318 319 16
319 304 25
318 321 20
321 317 20
317 316 16
316 313 10
313 312 20
312 311 23
311 268 25
268 324 25
324 312 35
312 322 27
322 321 13
322 320 27
322 316 22
322 325 26
325 324 17
324 323 25
324 265 34
325 326 18
326 322 31
320 327 19
327 328 18
328 320 34
328 329 17
326 329 25
326 334 31
324 334 21
334 263 29
263 264 21
264 265 14
264 245 16
245 248 22
248 247 13
357 358 20
357 256 26
357 363 19
363 356 25
356 357 15
356 355 32
355 258 27
258 256 18
258 257 14
257 254 22
257 252 22
252 253 15
252 251 14
251 249 17
249 250 21
250 237 17
249 248 18
249 259 21
249 260 26
251 259 21
259 354 20
354 257 27
257 355 36
355 395 13
395 353 25
353 354 22
353 260 38
260 259 18
260 261 13
261 245 42
261 262 13
262 263 22
262 336 30
336 335 19
335 334 25
336 351 15
351 352 17
352 261 30
352 353 23
123 124 21
123 121 27
123 459 27
123 461 28
461 460 11
460 459 21
451 450 12
451 453 20
453 175 19
453 454 15
454 455 15
455 458 19
458 457 19
458 460 14
461 462 29
462 458 28
462 455 36
462 452 25
452 454 19
452 451 25
65 192 33
218 220 20
122 120 38
122 466 23
466 123 30
123 469 28
123 470 35
470 471 24
461 471 12
470 469 16
123 468 44
466 468 28
468 558 31
558 122 15
558 560 26
560 561 10
560 559 21
559 558 20
559 564 25
564 563 20
563 562 15
562 561 24
564 565 10
565 559 24
566 559 18
566 567 22
567 565 14
567 496 34
496 468 30
468 566 16
566 496 42
496 568 32
568 567 17
496 579 18
496 580 18
580 581 12
581 579 13
579 580 15
579 1015 32
1015 569 14
569 565 26
563 569 35
580 582 23
582 497 23
496 582 30
496 469 28
496 497 31
497 470 16
497 472 16
472 471 13
472 462 28
497 498 22
498 582 25
498 473 24
473 462 20
473 472 26
473 474 17
474 475 19
475 452 18
475 477 16
477 452 11
477 476 12
476 475 14
475 478 20
478 476 11
478 1027 9
478 474 24
474 500 17
500 501 21
501 499 23
501 473 46
500 502 12
502 1027 24
1027 479 16
479 464 14
464 477 34
452 463 29
463 464 22
463 448 18
448 451 31
448 447 25
447 446 26
446 1022 16
1022 189 15
1022 382 13
382 1021 17
1021 190 16
1021 383 21
383 382 22
382 446 17
382 445 24
445 1029 23
1029 383 11
383 384 13
384 379 16
379 381 20
379 380 14
380 372 14
372 369 21
372 373 19
373 365 39
373 386 22
386 385 21
385 380 16
385 384 19
373 374 21
374 1023 20
1023 364 22
1023 363 21
386 1032 13
1032 387 16
387 373 33
387 375 27
375 374 24
375 1033 11
1033 376 26
376 356 20
376 377 17
377 1033 14
387 1033 33
387 388 23
388 431 21
431 389 15
389 1033 18
377 378 13
378 356 17
378 391 17
391 355 18
391 390 15
390 389 27
389 394 41
394 392 15
392 390 12
392 393 11
393 395 16
393 394 17
394 353 44
353 396 45
396 394 23
396 397 19
396 428 17
428 398 27
398 352 29
352 400 14
400 399 16
399 398 14
400 350 20
350 351 21
350 337 19
337 336 28
337 338 18
338 333 22
333 334 20
333 332 25
332 329 17
329 331 18
329 330 26
330 327 31
330 341 17
341 331 22
331 340 27
340 339 14
339 332 20
339 338 14
339 349 16
349 348 13
348 340 13
349 350 35
90 1024 16
1024 89 17
89 1025 15
1025 1026 13
1026 89 18
341 342 26
342 343 16
343 345 14
345 342 15
345 411 33
346 342 54
346 411 17
345 410 16
410 347 17
347 344 20
344 343 13
344 340 16
348 347 22
347 401 34
401 349 26
349 399 47
401 402 15
402 398 35
402 404 22
404 398 26
404 405 14
405 427 33
427 428 26
427 429 14
429 396 20
429 430 24
430 394 21
430 431 34
431 432 25
432 430 15
432 434 13
434 388 40
388 436 37
436 434 16
436 437 22
437 438 31
438 388 30
438 387 29
387 439 21
439 488 22
488 438 22
438 489 27
439 441 25
441 440 22
440 1032 29
440 384 27
440 442 17
442 485 16
485 441 18
485 484 12
484 1028 14
1028 485 11
443 442 14
443 1029 27
443 444 18
444 445 14
444 465 19
465 449 16
449 446 16
449 448 17
464 465 18
444 1028 20
429 433 23
563 572 18
572 573 30
573 574 17
574 575 23
575 571 17
571 572 25
570 571 22
570 576 18
576 575 19
576 577 16
577 578 21
578 1015 16
569 570 27
578 581 35
577 619 24
619 620 22
620 621 36
621 580 44
621 587 33
587 586 18
586 582 20
586 585 21
585 584 17
584 583 18
583 582 15
583 499 27
499 498 16
584 501 23
501 505 20
505 502 21
505 503 13
503 1027 39
503 504 22
504 1027 21
504 482 24
482 481 19
482 480 30
480 479 14
480 465 21
480 481 21
482 596 30
596 503 11
505 596 18
596 506 15
506 505 14
506 594 14
594 501 19
501 589 29
589 594 22
589 584 23
585 589 27
589 588 27
588 585 11
588 587 13
588 590 20
590 589 34
589 591 26
591 592 16
592 589 19
592 640 16
640 593 24
593 589 12
593 642 23
642 641 12
641 640 17
640 655 28
655 641 18
655 656 26
656 640 12
640 639 14
639 656 18
639 638 13
638 591 15
591 590 16
590 634 21
634 635 17
635 590 12
635 621 29
621 622 24
622 632 12
632 633 12
633 634 13
634 637 14
637 638 11
622 624 13
624 623 12
623 620 11
623 619 26
619 609 33
609 598 14
598 575 20
598 599 26
599 574 22
599 608 14
599 600 17
600 602 31
600 607 27
607 609 13
607 610 24
610 1019 17
1019 618 22
618 619 24
610 611 15
602 603 18
603 601 19
601 600 20
601 602 24
601 605 14
605 606 16
606 600 14
606 1035 11
1035 607 12
1035 611 19
611 1034 12
1034 605 11
655 654 13
654 642 14
642 595 14
595 594 17
595 596 21
596 1036 11
1036 508 10
595 597 16
597 1036 17
654 653 19
653 597 18
654 652 19
655 652 19
652 651 11
651 650 11
650 649 16
649 648 12
648 647 11
647 646 11
646 653 10
653 652 11
652 645 12
645 646 15
645 653 15
645 647 14
645 648 16
645 649 15
645 650 17
645 651 15
646 643 17
643 597 21
508 643 15
508 507 11
507 482 20
482 1038 14
1038 481 17
1038 483 13
483 444 43
507 509 15
643 644 15
508 644 28
644 509 25
644 510 17
647 644 16
648 1018 24
648 673 11
673 512 24
1018 512 18
1018 510 18
510 512 33
512 511 26
511 510 19
511 490 12
490 487 36
511 486 45
509 483 32
483 1039 9
1039 510 45
1039 484 22
484 486 15
486 441 30
486 487 29
487 488 28
487 1040 11
1040 489 16
1040 490 32
489 491 25
491 492 14
492 437 13
437 493 21
493 492 18
491 513 18
513 512 40
515 513 18
515 516 22
516 512 15
513 514 21
514 494 19
492 494 18
494 493 15
493 519 36
519 518 15
518 514 19
519 520 16
520 521 15
521 495 21
495 493 30
493 435 25
435 434 23
435 495 24
495 433 26
433 426 24
426 427 14
426 425 17
425 406 23
406 405 16
406 403 21
403 402 21
403 401 21
403 408 27
408 347 32
408 409 16
409 410 25
410 412 19
412 409 17
412 413 24
413 411 21
346 415 19
415 414 12
414 413 18
413 416 15
416 414 23
416 417 18
417 409 19
417 418 17
418 416 18
418 419 26
419 540 19
540 415 21
540 542 17
540 541 18
541 415 30
542 538 26
538 419 25
538 537 27
537 536 22
536 421 36
421 419 25
421 420 15
420 418 13
420 407 26
407 408 22
407 403 28
407 422 32
422 421 36
422 536 24
422 526 23
526 525 13
525 524 12
524 426 14
524 424 18
424 425 21
424 423 14
423 406 19
423 422 30
422 424 34
524 522 220
495 522 21
521 527 20
527 523 130
523 522 15
523 525 21
527 526 28
527 528 170
528 422 32
528 530 23
530 527 24
530 521 33
520 535 19
535 518 220
518 1012 130
1012 517 17
517 515 28
517 1013 16
685 1013 23
685 686 18
686 535 14
686 1012 18
685 533 30
533 534 25
534 535 25
534 530 22
530 531 20
531 529 22
529 528 29
529 532 33
531 532 24
532 533 24
533 531 25
529 536 23
536 696 25
696 537 17
517 678 13
678 516 27
516 677 26
677 674 16
674 516 22
674 673 17
673 675 18
675 649 14
675 676 13
676 677 23
677 680 20
680 676 13
676 672 14
672 675 19
672 670 20
670 671 13
671 650 17
650 667 22
667 671 19
667 1042 11
1042 666 10
666 651 22
1042 668 13
668 665 11
665 666 15
668 667 20
667 669 24
669 1037 10
1037 668 14
668 664 15
664 657 17
657 665 13
657 1043 10
1043 664 11
657 656 13
657 1041 19
1041 639 12
1041 658 18
658 638 24
658 1043 26
658 659 14
659 636 16
636 637 19
636 633 19
659 631 26
631 632 27
631 625 27
625 624 29
625 626 14
626 623 28
626 627 13
627 630 31
630 625 30
627 628 13
628 617 13
617 618 34
617 610 40
610 616 30
616 617 25
616 615 15
615 614 16
614 613 25
613 610 43
610 615 33
613 612 14
612 1034 28
612 604 13
604 605 26
604 603 310
604 795 30
795 613 32
613 794 25
794 793 18
793 614 14
794 795 300
630 1020 24
1020 631 15
1020 660 19
660 659 27
659 661 26
661 660 24
661 662 260
662 663 22
663 664 14
664 1037 16
663 669 28
669 662 33
662 771 20
662 761 28
761 669 20
761 762 14
762 771 28
771 773 40
773 772 20
772 660 21
772 629 30
629 630 23
629 628 42
617 790 22
790 629 26
790 789 11
789 791 16
791 617 33
791 616 19
791 792 15
792 793 27
761 760 17
760 669 27
669 1016 16
1016 670 16
1016 758 28
760 758 22
758 682 20
682 670 16
682 672 15
682 681 31
672 680 22
680 681 14
681 679 15
679 677 24
679 684 13
684 1013 30
684 678 30
684 689 14
681 689 19
758 757 27
757 682 29
757 683 14
683 681 17
689 688 14
688 687 28
687 684 25
687 685 20
687 533 23
533 690 36
690 688 21
690 691 19
691 533 34
691 692 25
692 533 50
692 693 27
693 532 19
693 695 41
692 694 23
694 695 33
695 696 34
695 697 13
697 539 26
539 538 13
539 537 33
697 543 32
543 542 23
544 541 19
541 545 13
545 546 12
546 547 14
547 548 22
548 544 29
544 547 14
544 546 15
545 544 13
542 545 13
542 419 26
546 543 13
547 549 17
549 543 35
549 550 23
550 548 15
550 552 16
552 553 31
553 555 30
555 554 15
554 552 21
552 557 27
557 556 20
556 554 30
556 708 28
708 555 36
557 705 36
705 556 31
705 707 16
707 708 27
708 709 26
709 707 21
705 704 12
704 703 12
703 702 19
702 704 20
702 706 28
706 704 17
706 705 20
706 725 24
707 1045 19
1045 706 21
706 724 23
724 725 25
725 1044 9
1044 702 22
702 699 19
699 1031 19
1031 551 23
551 703 30
551 557 19
551 549 22
551 1011 31
1011 698 25
698 697 24
697 700 35
700 698 31
698 699 21
699 701 23
701 700 22
700 694 28
701 727 16
727 726 26
726 702 20
726 1044 13
724 732 29
732 723 30
723 724 21
723 733 19
723 715 19
715 724 29
724 1045 23
1045 714 23
714 1046 12
1046 712 10
712 715 16
715 714 12
715 716 22
716 712 26
712 713 10
713 1046 15
1046 711 13
711 709 21
709 1046 30
711 710 20
710 708 44
716 734 13
716 723 22
713 717 23
712 717 26
713 718 16
718 719 17
719 710 20
719 720 19
720 721 18
721 722 15
720 736 28
736 735 25
735 717 10
717 718 27
735 734 30
734 739 18
739 733 20
733 1047 17
1047 740 16
740 741 20
741 1047 18
1047 739 14
741 742 18
742 739 13
742 737 400
737 735 19
737 738 22
738 736 280
738 868 19
868 737 17
868 867 24
866 867 40
866 742 37
740 743 14
743 732 27
732 730 23
730 729 12
729 732 25
743 731 25
731 730 13
731 728 310
728 730 31
728 729 27
728 726 41
728 727 25
728 748 21
748 700 25
728 746 20
746 747 15
747 748 13
747 749 17
749 692 14
728 745 27
745 744 18
744 728 24
746 752 15
752 751 220
751 749 21
751 750 17
750 692 28
750 690 21
690 754 250
754 688 28
754 755 18
755 683 31
755 759 160
759 757 19
759 758 37
758 763 29
763 760 26
763 764 16
764 765 24
765 766 18
766 755 17
755 756 14
756 753 19
753 751 25
753 752 30
752 769 32
769 753 31
769 768 16
768 767 31
767 756 39
767 766 23
767 765 25
767 764 37
764 782 33
782 767 32
767 783 24
783 782 17
783 768 37
768 856 20
856 857 16
857 858 13
858 784 14
784 744 29
784 769 27
769 745 30
762 770 33
770 764 27
764 781 26
781 782 16
781 780 26
780 770 26
770 779 34
779 771 18
779 778 25
778 773 56
778 780 24
780 849 18
849 782 25
778 777 34
777 776 34
776 775 13
775 772 18
775 774 11
774 629 19
774 1017 13
1017 776 13
1017 785 13
785 786 13
786 1017 11
786 787 26
787 788 13
788 789 17
788 792 19
788 804 11
804 792 19
774 776 15
802 804 25
802 801 29
801 793 24
801 800 19
800 799 16
799 795 25
795 796 23
796 799 21
799 798 17
798 797 20
797 796 22
798 811 41
811 810 15
811 800 33
810 801 16
810 809 12
809 803 13
803 802 20
803 808 27
809 839 27
839 808 17
808 841 23
808 805 19
805 804 28
788 806 37
787 807 17
807 806 22
785 844 13
785 807 21
785 776 21
844 845 30
845 777 17
845 846 24
846 843 27
843 844 17
843 842 17
842 806 14
842 841 23
841 916 21
916 915 25
915 843 20
915 914 18
914 846 35
846 1004 38
1004 847 26
847 780 32
847 848 28
848 849 17
849 852 27
852 782 23
852 853 30
853 856 15
853 855 21
855 857 13
855 861 11
861 858 23
858 859 18
859 865 17
865 743 14
865 864 40
864 866 25
864 863 12
863 860 15
860 864 20
860 859 24
860 861 16
861 862 15
862 860 13
862 907 14
907 863 19
863 905 12
905 906 20
906 907 17
907 908 17
908 906 15
908 854 29
854 855 20
854 853 18
854 850 38
850 852 27
850 848 27
848 851 21
851 850 21
851 1030 16
1030 847 30
847 919 43
919 913 24
913 846 45
913 914 31
914 916 28
916 918 30
918 914 23
916 917 21
917 841 14
917 840 32
840 839 19
839 838 17
838 811 17
811 836 14
836 838 15
838 840 17
836 837 21
837 815 15
815 812 22
812 811 16
812 813 17
813 798 20
797 814 22
814 813 27
814 1003 18
1003 815 20
815 816 24
816 817 33
817 1003 23
817 818 25
818 822 36
822 821 30
821 819 13
819 818 30
818 820 54
819 820 25
820 1005 15
1005 821 18
821 828 16
828 1005 17
828 829 16
829 830 17
828 830 17
830 831 19
831 1000 13
1000 830 17
830 827 21
827 822 15
822 823 24
823 816 27
816 824 16
824 823 21
823 826 24
823 833 43
826 834 15
826 825 14
825 824 12
831 1001 17
829 1002 36
1001 832 35
832 831 42
1000 832 43
832 833 18
832 930 16
832 931 10
832 932 17
932 931 16
931 930 10
930 933 12
931 999 26
932 999 32
932 992 13
932 983 27
992 993 18
993 999 23
999 994 23
994 997 15
997 998 13
998 999 22
999 934 21
934 933 23
930 929 38
833 834 13
834 835 29
835 825 22
835 837 28
835 836 29
835 840 32
835 929 16
929 928 37
928 927 19
927 926 32
926 840 31
926 916 39
927 935 14
935 934 20
934 928 19
935 925 21
925 918 37
918 924 35
924 925 27
924 923 17
923 913 38
923 921 14
921 919 28
919 920 30
920 922 15
922 921 22
920 912 31
912 910 24
910 850 22
910 909 19
909 908 22
909 911 19
911 912 13
911 902 19
902 903 13
903 906 18
905 864 18
905 904 33
904 903 18
904 880 21
880 878 31
878 866 19
878 879 21
879 877 27
877 867 13
877 876 23
876 869 17
869 868 21
869 870 17
870 738 31
870 872 15
872 871 10
871 869 27
871 875 12
875 876 28
876 881 50
881 879 17
881 880 23
881 890 18
890 889 15
889 882 31
882 881 34
882 883 13
883 884 16
884 875 17
875 874 17
874 873 12
873 872 14
873 870 26
874 886 26
886 887 36
887 888 19
888 885 32
885 883 17
885 884 12
885 886 14
888 889 33
889 897 12
897 898 19
898 889 27
890 899 42
899 898 17
898 900 14
900 899 14
899 901 16
901 902 20
902 945 27
945 901 20
945 944 13
944 946 14
946 899 18
946 947 21
947 900 13
947 948 27
948 897 29
888 891 17
891 892 17
892 887 21
892 893 25
893 891 21
893 894 19
894 892 26
894 895 12
895 896 33
896 893 23
896 948 11
896 955 47
954 953 25
953 948 19
948 949 34
949 947 22
953 952 18
952 949 15
949 950 18
950 943 21
943 944 19
944 912 31
949 1048 15
1048 943 19
943 922 21
922 942 19
942 943 17
942 941 15
941 950 19
950 951 24
951 952 14
951 954 17
954 960 34
960 941 18
941 940 14
940 1006 18
1006 922 17
1006 923 16
940 939 13
939 938 12
938 1007 14
1007 924 14
924 939 20
940 961 18
961 960 19
960 940 24
1009 960 12
1009 962 15
962 1008 16
1008 961 11
961 938 13
1008 937 16
937 1007 17
937 936 17
936 935 25
936 998 21
936 997 18
936 996 29
996 963 21
963 962 16
962 996 35
963 959 34
959 1009 33
959 958 17
958 954 16
954 955 16
956 958 21
956 955 15
956 957 18
957 895 60
957 959 32
959 956 20
959 965 26
965 967 13
967 957 16
957 1010 23
1010 969 23
969 968 18
968 967 15
968 970 33
970 971 29
971 969 15
965 966 16
966 964 14
964 959 25
988 966 29
988 964 32
964 989 22
989 988 17
989 990 24
990 995 16
995 996 14
996 997 21
994 995 13
993 994 16
994 990 22
990 991 17
991 987 21
987 990 23
987 988 17
987 970 22
970 986 25
986 985 19
985 987 20
985 1050 19
1050 992 22
992 991 22
1050 1052 14
1052 992 11
1052 983 12
983 1050 10
1050 1051 16
983 982 38
1051 983 13
1051 981 20
981 982 24
981 980 14
980 979 13
979 978 18
978 980 16
978 977 18
977 981 30
977 984 31
984 981 23
984 985 18
984 986 26
986 1049 20
1049 984 26
1049 976 16
976 977 17
977 975 18
975 978 22
975 976 25
975 974 34
974 973 23
973 976 32
973 972 16
972 1049 32
972 971 25
111 1053 24
1053 141 26
117 118 15
319 320 16
720 718 19
182 184 20
9 19 15
19 12 20
767 769 41
827 823 17
827 1000 20
933 999 18
934 998 22
315 306 23
320 321 20
414 419 20
21 143 25
24 30 19
813 815 19
805 806 10
205 210 17
134 131 15
263 335 17
35 36 17
175 176 22
176 177 15
1060
2017
524 1053 4
3 2 12
2 4 12
3 4 15
4 5 21
5 6 16
4 6 21
6 7 20
7 4 16
2 1 15
1 84 21
84 85 27
84 86 15
86 85 16
86 87 18
87 83 13
83 84 20
83 7 27
83 81 12
81 6 34
6 69 26
69 8 27
8 6 28
8 18 15
18 9 12
8 9 14
18 10 12
10 11 25
11 13 25
12 11 24
10 12 29
19 18 15
19 17 26
17 12 19
12 13 30
13 14 27
14 16 15
16 17 27
17 22 26
22 15 37
15 14 18
16 22 21
15 25 21
25 26 15
29 26 17
29 30 9
24 25 32
24 23 18
23 15 40
23 143 17
22 143 19
22 21 27
21 20 22
20 17 11
20 74 17
74 9 21
9 69 24
71 70 16
70 69 18
70 9 19
70 73 10
73 74 18
73 72 11
72 75 19
75 20 16
75 21 17
21 76 17
76 72 22
72 77 18
77 78 14
78 76 22
76 77 13
77 79 16
79 80 13
79 72 16
71 72 13
71 81 24
81 69 19
81 82 18
82 87 18
87 88 24
88 80 21
80 82 22
80 71 29
80 78 27
100 78 25
100 80 28
88 91 22
89 87 27
89 88 23
89 90 22
90 91 20
90 92 25
90 96 10
96 98 15
98 91 12
98 103 11
99 88 22
99 103 20
103 101 13
101 99 16
101 100 15
100 102 11
102 101 12
102 111 31
141 111 43
142 141 35
141 21 37
141 143 20
141 140 15
23 140 18
140 138 20
31 138 32
138 139 18
139 146 18
146 31 29
139 31 37
31 28 25
30 31 11
29 28 17
28 27 18
27 26 12
27 33 25
33 32 16
32 28 13
32 34 11
34 35 19
35 148 25
148 147 24
147 32 30
147 146 17
148 146 27
145 146 16
145 139 20
145 155 28
155 153 27
153 133 14
133 154 9
133 144 27
144 145 21
144 137 21
137 139 25
137 138 34
138 136 32
136 141 34
136 137 14
137 132 14
136 113 36
113 135 23
135 137 27
132 133 37
133 129 23
125 129 14
125 154 12
154 153 13
132 131 16
131 130 24
130 129 12
130 118 34
118 134 23
134 135 17
135 117 35
117 115 21
115 114 14
142 112 18
112 113 21
112 111 17
112 110 16
110 102 18
102 106 29
106 104 19
103 104 13
98 97 15
96 95 16
90 94 19
92 93 21
94 93 22
94 95 12
95 97 17
97 104 10
106 107 19
107 105 23
105 106 24
107 108 23
108 116 24
109 108 15
109 102 15
109 110 15
110 114 38
114 113 14
115 116 27
118 119 28
467 118 41
119 467 17
467 125 28
125 128 17
158 128 20
158 153 26
158 152 29
158 156 29
156 157 9
157 161 11
157 160 22
161 160 23
153 152 17
152 156 11
152 148 44
148 149 23
149 36 19
36 148 21
149 156 40
157 150 31
150 149 30
150 52 14
52 44 31
44 43 16
43 36 11
43 35 17
43 37 10
37 34 15
37 38 18
38 39 13
33 39 20
33 38 18
33 34 16
37 41 12
41 40 15
40 39 12
38 40 12
38 41 13
41 42 13
42 43 10
42 45 12
44 45 11
41 46 15
45 46 13
46 47 14
47 40 17
47 48 16
48 46 11
48 49 13
49 47 13
49 54 19
53 48 17
48 50 16
50 45 16
50 51 14
51 52 14
51 56 20
56 53 42
53 57 46
53 55 44
54 55 36
55 60 15
55 57 28
57 58 15
59 55 20
59 61 13
61 60 13
60 62 24
61 62 18
59 58 18
58 165 30
58 183 28
59 185 31
185 191 26
191 63 11
63 65 13
65 62 13
62 63 16
165 166 12
56 57 26
56 166 23
56 151 23
151 150 15
151 160 14
151 163 21
163 164 24
164 166 22
165 167 28
167 181 15
182 181 15
182 183 19
183 184 19
184 185 26
185 183 14
184 187 24
187 186 33
186 185 21
186 191 27
186 193 19
186 192 26
65 66 16
66 192 30
66 64 9
64 65 14
64 62 16
64 67 23
67 66 17
67 206 21
68 67 19
68 66 25
68 208 17
208 206 16
208 205 14
205 204 23
204 192 10
204 68 21
204 194 13
194 193 11
193 204 17
204 202 18
205 202 16
205 207 20
207 208 17
206 207 24
207 209 15
206 209 28
207 214 11
214 215 18
215 209 14
209 214 16
215 217 16
217 216 10
216 215 17
213 215 20
213 216 12
213 214 14
214 210 23
210 207 25
210 211 23
211 213 28
211 214 35
211 218 23
213 218 16
218 219 16
219 213 26
216 219 18
219 221 15
216 221 16
217 221 11
221 222 25
222 224 16
224 223 24
219 224 17
219 220 27
220 223 15
220 211 24
210 201 13
202 203 12
203 194 12
194 195 17
195 203 13
195 196 15
196 193 14
196 197 15
195 197 16
195 198 13
198 197 14
197 187 14
198 199 15
199 200 16
201 202 13
200 201 22
200 212 11
212 210 30
212 211 23
211 366 35
211 367 28
223 225 22
225 224 28
224 226 30
226 227 15
227 222 23
226 228 19
226 231 30
231 225 16
231 230 13
229 230 32
229 228 20
229 233 32
232 230 19
232 233 42
158 159 24
159 161 27
161 158 22
119 120 24
120 121 21
121 119 38
124 119 42
124 127 15
127 126 15
467 126 33
126 128 17
126 158 31
158 456 31
456 174 18
174 159 11
159 162 27
162 161 23
162 163 19
162 170 15
170 164 21
169 164 26
164 167 20
181 168 13
168 169 21
169 171 14
171 170 11
162 172 15
172 171 14
172 176 24
172 173 16
173 175 19
173 174 11
174 175 22
174 455 26
175 455 22
175 450 33
450 177 14
177 175 34
177 178 17
178 179 14
178 168 16
179 168 23
179 180 22
180 168 18
168 188 24
188 182 23
188 187 24
188 180 18
180 190 30
190 189 26
189 180 17
189 447 27
447 179 16
447 450 19
126 456 18
126 457 24
457 174 26
457 456 15
457 459 18
459 127 18
190 187 27
190 199 45
199 368 24
368 212 21
368 367 18
367 365 24
368 365 33
365 369 23
369 368 17
368 370 22
370 199 19
370 371 15
371 381 13
381 190 27
190 370 39
371 369 32
365 361 37
361 360 17
360 231 16
230 359 29
359 360 18
1014 361 16
1014 359 12
1014 362 17
362 364 18
364 365 22
362 363 13
363 358 20
358 359 17
358 230 36
358 255 17
232 255 26
255 256 20
256 232 40
256 254 22
254 253 19
253 234 20
234 232 39
234 233 28
233 236 30
236 235 24
234 235 23
253 235 22
235 237 15
237 238 21
238 239 30
236 239 29
239 240 29
240 238 30
238 247 24
247 245 20
245 246 29
245 244 21
244 241 32
241 240 23
241 242 25
242 243 28
243 241 23
243 270 20
271 243 29
271 272 32
272 242 21
271 273 23
273 309 13
309 310 20
310 269 12
269 270 15
270 271 23
269 267 14
267 243 27
267 266 15
266 244 14
245 265 25
265 323 18
323 266 27
266 265 30
265 244 33
323 268 14
267 268 31
268 269 31
310 311 24
311 309 33
309 308 17
308 275 25
275 274 25
273 274 30
274 276 23
276 279 27
279 280 32
280 282 31
282 281 21
281 280 22
294 281 19
294 278 25
278 279 19
276 277 19
278 277 15
277 275 24
300 307 17
307 275 37
300 299 10
277 299 30
299 298 34
298 300 28
298 302 12
298 297 11
297 302 14
301 297 12
301 302 15
301 303 12
303 302 12
303 305 19
305 304 14
304 301 28
298 296 22
296 295 12
295 297 28
295 292 17
292 296 12
292 291 14
291 295 18
291 290 14
290 292 16
278 293 29
293 292 20
293 289 12
289 290 13
289 288 14
288 287 15
287 286 11
286 291 15
287 290 12
290 288 19
288 283 11
288 294 21
283 281 21
281 284 24
284 283 12
287 284 25
284 285 11
285 286 28
307 314 39
314 308 13
314 313 36
313 315 21
307 313 42
315 307 26
307 306 26
307 302 28
306 302 12
306 303 11
306 305 18
305 315 21
317 305 17
305 318 16
318 319 16
319 304 25
318 321 20
321 317 20
317 316 16
316 313 10
313 312 20
312 311 23
311 268 25
268 324 25
324 312 35
312 322 27
322 321 13
322 320 27
322 316 22
322 325 26
325 324 17
324 323 25
324 265 34
325 326 18
326 322 31
320 327 19
327 328 18
328 320 34
328 329 17
326 329 25
326 334 31
324 334 21
334 263 29
263 264 21
264 265 14
264 245 16
245 248 22
248 247 13
357 358 20
357 256 26
357 363 19
363 356 25
356 357 15
356 355 32
355 258 27
258 256 18
258 257 14
257 254 22
257 252 22
252 253 15
252 251 14
251 249 17
249 250 21
250 237 17
249 248 18
249 259 21
249 260 26
251 259 21
259 354 20
354 257 27
257 355 36
355 395 13
395 353 25
353 354 22
353 260 38
260 259 18
260 261 13
261 245 42
261 262 13
262 263 22
262 336 30
336 335 19
335 334 25
336 351 15
351 352 17
352 261 30
352 353 23
123 124 21
123 121 27
123 459 27
123 461 28
461 460 11
460 459 21
451 450 12
451 453 20
453 175 19
453 454 15
454 455 15
455 458 19
458 457 19
458 460 14
461 462 29
462 458 28
462 455 36
462 452 25
452 454 19
452 451 25
65 192 33
218 220 20
122 120 38
122 466 23
466 123 30
123 469 28
123 470 35
470 471 24
461 471 12
470 469 16
123 468 44
466 468 28
468 558 31
558 122 15
558 560 26
560 561 10
560 559 21
559 558 20
559 564 25
564 563 20
563 562 15
562 561 24
564 565 10
565 559 24
566 559 18
566 567 22
567 565 14
567 496 34
496 468 30
468 566 16
566 496 42
496 568 32
568 567 17
496 579 18
496 580 18
580 581 12
581 579 13
579 580 15
579 1015 32
1015 569 14
569 565 26
563 569 35
580 582 23
582 497 23
496 582 30
496 469 28
496 497 31
497 470 16
497 472 16
472 471 13
472 462 28
497 498 22
498 582 25
498 473 24
473 462 20
473 472 26
473 474 17
474 475 19
475 452 18
475 477 16
477 452 11
477 476 12
476 475 14
475 478 20
478 476 11
478 1027 9
478 474 24
474 500 17
500 501 21
501 499 23
501 473 46
500 502 12
502 1027 24
1027 479 16
479 464 14
464 477 34
452 463 29
463 464 22
463 448 18
448 451 31
448 447 25
447 446 26
446 1022 16
1022 189 15
1022 382 13
382 1021 17
1021 190 16
1021 383 21
383 382 22
382 446 17
382 445 24
445 1029 23
1029 383 11
383 384 13
384 379 16
379 381 20
379 380 14
380 372 14
372 369 21
372 373 19
373 365 39
373 386 22
386 385 21
385 380 16
385 384 19
373 374 21
374 1023 20
1023 364 22
1023 363 21
386 1032 13
1032 387 16
387 373 33
387 375 27
375 374 24
375 1033 11
1033 376 26
376 356 20
376 377 17
377 1033 14
387 1033 33
387 388 23
388 431 21
431 389 15
389 1033 18
377 378 13
378 356 17
378 391 17
391 355 18
391 390 15
390 389 27
389 394 41
394 392 15
392 390 12
392 393 11
393 395 16
393 394 17
394 353 44
353 396 45
396 394 23
396 397 19
396 428 17
428 398 27
398 352 29
352 400 14
400 399 16
399 398 14
400 350 20
350 351 21
350 337 19
337 336 28
337 338 18
338 333 22
333 334 20
333 332 25
332 329 17
329 331 18
329 330 26
330 327 31
330 341 17
341 331 22
331 340 27
340 339 14
339 332 20
339 338 14
339 349 16
349 348 13
348 340 13
349 350 35
90 1024 16
1024 89 17
89 1025 15
1025 1026 13
1026 89 18
341 342 26
342 343 16
343 345 14
345 342 15
345 411 33
346 342 54
346 411 17
345 410 16
410 347 17
347 344 20
344 343 13
344 340 16
348 347 22
347 401 34
401 349 26
349 399 47
401 402 15
402 398 35
402 404 22
404 398 26
404 405 14
405 427 33
427 428 26
427 429 14
429 396 20
429 430 24
430 394 21
430 431 34
431 432 25
432 430 15
432 434 13
434 388 40
388 436 37
436 434 16
436 437 22
437 438 31
438 388 30
438 387 29
387 439 21
439 488 22
488 438 22
438 489 27
439 441 25
441 440 22
440 1032 29
440 384 27
440 442 17
442 485 16
485 441 18
485 484 12
484 1028 14
1028 485 11
443 442 14
443 1029 27
443 444 18
444 445 14
444 465 19
465 449 16
449 446 16
449 448 17
464 465 18
444 1028 20
429 433 23
563 572 18
572 573 30
573 574 17
574 575 23
575 571 17
571 572 25
570 571 22
570 576 18
576 575 19
576 577 16
577 578 21
578 1015 16
569 570 27
578 581 35
577 619 24
619 620 22
620 621 36
621 580 44
621 587 33
587 586 18
586 582 20
586 585 21
585 584 17
584 583 18
583 582 15
583 499 27
499 498 16
584 501 23
501 505 20
505 502 21
505 503 13
503 1027 39
503 504 22
504 1027 21
504 482 24
482 481 19
482 480 30
480 479 14
480 465 21
480 481 21
482 596 30
596 503 11
505 596 18
596 506 15
506 505 14
506 594 14
594 501 19
501 589 29
589 594 22
589 584 23
585 589 27
589 588 27
588 585 11
588 587 13
588 590 20
590 589 34
589 591 26
591 592 16
592 589 19
592 640 16
640 593 24
593 589 12
593 642 23
642 641 12
641 640 17
640 655 28
655 641 18
655 656 26
656 640 12
640 639 14
639 656 18
639 638 13
638 591 15
591 590 16
590 634 21
634 635 17
635 590 12
635 621 29
621 622 24
622 632 12
632 633 12
633 634 13
634 637 14
637 638 11
622 624 13
624 623 12
623 620 11
623 619 26
619 609 33
609 598 14
598 575 20
598 599 26
599 574 22
599 608 14
599 600 17
600 602 31
600 607 27
607 609 13
607 610 24
610 1019 17
1019 618 22
618 619 24
610 611 15
602 603 18
603 601 19
601 600 20
601 602 24
601 605 14
605 606 16
606 600 14
606 1035 11
1035 607 12
1035 611 19
611 1034 12
1034 605 11
655 654 13
654 642 14
642 595 14
595 594 17
595 596 21
596 1036 11
1036 508 10
595 597 16
597 1036 17
654 653 19
653 597 18
654 652 19
655 652 19
652 651 11
651 650 11
650 649 16
649 648 12
648 647 11
647 646 11
646 653 10
653 652 11
652 645 12
645 646 15
645 653 15
645 647 14
645 648 16
645 649 15
645 650 17
645 651 15
646 643 17
643 597 21
508 643 15
508 507 11
507 482 20
482 1038 14
1038 481 17
1038 483 13
483 444 43
507 509 15
643 644 15
508 644 28
644 509 25
644 510 17
647 644 16
648 1018 24
648 673 11
673 512 24
1018 512 18
1018 510 18
510 512 33
512 511 26
511 510 19
511 490 12
490 487 36
511 486 45
509 483 32
483 1039 9
1039 510 45
1039 484 22
484 486 15
486 441 30
486 487 29
487 488 28
487 1040 11
1040 489 16
1040 490 32
489 491 25
491 492 14
492 437 13
437 493 21
493 492 18
491 513 18
513 512 40
515 513 18
515 516 22
516 512 15
513 514 21
514 494 19
492 494 18
494 493 15
493 519 36
519 518 15
518 514 19
519 520 16
520 521 15
521 495 21
495 493 30
493 435 25
435 434 23
435 495 24
495 433 26
433 426 24
426 427 14
426 425 17
425 406 23
406 405 16
406 403 21
403 402 21
403 401 21
403 408 27
408 347 32
408 409 16
409 410 25
410 412 19
412 409 17
412 413 24
413 411 21
346 415 19
415 414 12
414 413 18
413 416 15
416 414 23
416 417 18
417 409 19
417 418 17
418 416 18
418 419 26
419 540 19
540 415 21
540 542 17
540 541 18
541 415 30
542 538 26
538 419 25
538 537 27
537 536 22
536 421 36
421 419 25
421 420 15
420 418 13
420 407 26
407 408 22
407 403 28
407 422 32
422 421 36
422 536 24
422 526 23
526 525 13
525 524 12
524 426 14
524 424 18
424 425 21
424 423 14
423 406 19
423 422 30
422 424 34
524 522 22
495 522 21
521 527 20
527 523 13
523 522 15
523 525 21
527 526 28
527 528 17
528 422 32
528 530 23
530 527 24
530 521 33
520 535 19
535 518 22
518 1012 13
1012 517 17
517 515 28
517 1013 16
685 1013 23
685 686 18
686 535 14
686 1012 18
685 533 30
533 534 25
534 535 25
534 530 22
530 531 20
531 529 22
529 528 29
529 532 33
531 532 24
532 533 24
533 531 25
529 536 23
536 696 25
696 537 17
517 678 13
678 516 27
516 677 26
677 674 16
674 516 22
674 673 17
673 675 18
675 649 14
675 676 13
676 677 23
677 680 20
680 676 13
676 672 14
672 675 19
672 670 20
670 671 13
671 650 17
650 667 22
667 671 19
667 1042 11
1042 666 10
666 651 22
1042 668 13
668 665 11
665 666 15
668 667 20
667 669 24
669 1037 10
1037 668 14
668 664 15
664 657 17
657 665 13
657 1043 10
1043 664 11
657 656 13
657 1041 19
1041 639 12
1041 658 18
658 638 24
658 1043 26
658 659 14
659 636 16
636 637 19
636 633 19
659 631 26
631 632 27
631 625 27
625 624 29
625 626 14
626 623 28
626 627 13
627 630 31
630 625 30
627 628 13
628 617 13
617 618 34
617 610 40
610 616 30
616 617 25
616 615 15
615 614 16
614 613 25
613 610 43
610 615 33
613 612 14
612 1034 28
612 604 13
604 605 26
604 603 31
604 795 30
795 613 32
613 794 25
794 793 18
793 614 14
794 795 30
630 1020 24
1020 631 15
1020 660 19
660 659 27
659 661 26
661 660 24
661 662 26
662 663 22
663 664 14
664 1037 16
663 669 28
669 662 33
662 771 20
662 761 28
761 669 20
761 762 14
762 771 28
771 773 40
773 772 20
772 660 21
772 629 30
629 630 23
629 628 42
617 790 22
790 629 26
790 789 11
789 791 16
791 617 33
791 616 19
791 792 15
792 793 27
761 760 17
760 669 27
669 1016 16
1016 670 16
1016 758 28
760 758 22
758 682 20
682 670 16
682 672 15
682 681 31
672 680 22
680 681 140
681 679 15
679 677 240
679 684 130
684 1013 30
684 678 300
684 689 140
681 689 19
758 757 27
757 682 29
757 683 140
683 681 170
689 688 14
688 687 280
687 684 250
687 685 20
687 533 230
533 690 36
690 688 21
690 691 19
691 533 34
691 692 25
692 533 50
692 693 27
693 532 19
693 695 41
692 694 23
694 695 33
695 696 34
695 697 13
697 539 26
539 538 13
539 537 33
697 543 32
543 542 23
544 541 19
541 545 13
545 546 12
546 547 14
547 548 22
548 544 29
544 547 14
544 546 15
545 544 13
542 545 13
542 419 26
546 543 13
547 549 17
549 543 35
549 550 23
550 548 15
550 552 16
552 553 31
553 555 30
555 554 15
554 552 21
552 557 27
557 556 20
556 554 30
556 708 28
708 555 36
557 705 36
705 556 31
705 707 16
707 708 27
708 709 26
709 707 210
705 704 120
704 703 120
703 702 190
702 704 20
702 706 28
706 704 17
706 705 20
706 725 24
707 1045 19
1045 706 21
706 724 230
724 725 25
725 1044 9
1044 702 22
702 699 19
699 1031 19
1031 551 23
551 703 30
551 557 19
551 549 22
551 1011 31
1011 698 25
698 697 24
697 700 35
700 698 31
698 699 21
699 701 23
701 700 22
700 694 28
701 727 16
727 726 26
726 702 20
726 1044 130
724 732 29
732 723 30
723 724 21
723 733 190
723 715 190
715 724 29
724 1045 23
1045 714 23
714 1046 12
1046 712 10
712 715 16
715 714 12
715 716 22
716 712 26
712 713 10
713 1046 15
1046 711 20
711 709 21
709 1046 30
711 710 20
710 708 44
716 734 13
716 723 22
713 717 23
712 717 26
713 718 16
718 719 17
719 710 20
719 720 19
720 721 18
721 722 15
720 736 28
736 735 25
735 717 10
717 718 27
735 734 30
734 739 18
739 733 20
733 1047 17
1047 740 16
740 741 20
741 1047 18
1047 739 14
741 742 18
742 739 13
742 737 40
737 735 19
737 738 22
738 736 28
738 868 19
868 737 17
868 867 24
866 867 40
866 742 37
740 743 14
743 732 27
732 730 23
730 729 12
729 732 25
743 731 25
731 730 13
731 728 31
728 730 31
728 729 27
728 726 41
728 727 25
728 748 21
748 700 25
728 746 20
746 747 15
747 748 13
747 749 17
749 692 14
728 745 27
745 744 18
744 728 24
746 752 15
752 751 22
751 749 21
751 750 17
750 692 28
750 690 21
690 754 25
754 688 28
754 755 18
755 683 31
755 759 16
759 757 19
759 758 37
758 763 29
763 760 26
763 764 16
764 765 24
765 766 18
766 755 17
755 756 14
756 753 19
753 751 25
753 752 30
752 769 320
769 753 31
769 768 160
768 767 31
767 756 39
767 766 23
767 765 25
767 764 37
764 782 330
782 767 32
767 783 24
783 782 17
783 768 370
768 856 20
856 857 160
857 858 13
858 784 14
784 744 29
784 769 27
769 745 30
762 770 33
770 764 27
764 781 26
781 782 16
781 780 26
780 770 26
770 779 34
779 771 18
779 778 25
778 773 56
778 780 24
780 849 18
849 782 25
778 777 34
777 776 34
776 775 13
775 772 18
775 774 11
774 629 19
774 1017 13
1017 776 13
1017 785 13
785 786 13
786 1017 11
786 787 26
787 788 13
788 789 17
788 792 19
788 804 11
804 792 19
774 776 15
802 804 25
802 801 29
801 793 24
801 800 19
800 799 16
799 795 25
795 796 23
796 799 21
799 798 17
798 797 20
797 796 22
798 811 41
811 810 15
811 800 33
810 801 16
810 809 12
809 803 13
803 802 20
803 808 27
809 839 27
839 808 17
808 841 23
808 805 19
805 804 28
788 806 37
787 807 17
807 806 22
785 844 13
785 807 21
785 776 21
844 845 30
845 777 17
845 846 24
846 843 27
843 844 17
843 842 17
842 806 14
842 841 23
841 916 21
916 915 25
915 843 20
915 914 18
914 846 35
846 1004 38
1004 847 26
847 780 32
847 848 28
848 849 17
849 852 27
852 782 23
852 853 30
853 856 15
853 855 21
855 857 13
855 861 11
861 858 23
858 859 18
859 865 17
865 743 14
865 864 40
864 866 25
864 863 12
863 860 15
860 864 20
860 859 24
860 861 16
861 862 15
862 860 13
862 907 14
907 863 19
863 905 12
905 906 20
906 907 17
907 908 17
908 906 15
908 854 29
854 855 20
854 853 18
854 850 38
850 852 27
850 848 27
848 851 21
851 850 21
851 1030 16
1030 847 30
847 919 43
919 913 24
913 846 45
913 914 31
914 916 28
916 918 30
918 914 23
916 917 21
917 841 14
917 840 32
840 839 190
839 838 17
838 811 17
811 836 140
836 838 15
838 840 17
836 837 21
837 815 15
815 812 22
812 811 16
812 813 17
813 798 20
797 814 22
814 813 27
814 1003 18
1003 815 20
815 816 24
816 817 33
817 1003 23
817 818 25
818 822 36
822 821 30
821 819 13
819 818 30
818 820 54
819 820 25
820 1005 15
1005 821 18
821 828 16
828 1005 17
828 829 16
829 830 17
828 830 17
830 831 19
831 1000 13
1000 830 17
830 827 21
827 822 15
822 823 24
823 816 27
816 824 16
824 823 21
823 826 24
823 833 43
826 834 15
826 825 14
825 824 12
831 1001 17
829 1002 36
1001 832 35
832 831 42
1000 832 43
832 833 18
832 930 16
832 931 10
832 932 17
932 931 16
931 930 10
930 933 12
931 999 26
932 999 32
932 992 13
932 983 27
992 993 18
993 999 23
999 994 23
994 997 15
997 998 13
998 999 22
999 934 21
934 933 23
930 929 38
833 834 13
834 835 29
835 825 22
835 837 28
835 836 29
835 840 32
835 929 16
929 928 37
928 927 19
927 926 32
926 840 31
926 916 39
927 935 14
935 934 20
934 928 19
935 925 21
925 918 37
918 924 35
924 925 27
924 923 17
923 913 38
923 921 14
921 919 28
919 920 30
920 922 15
922 921 22
920 912 31
912 910 24
910 850 22
910 909 19
909 908 22
909 911 19
911 912 13
911 902 19
902 903 13
903 906 18
905 864 18
905 904 33
904 903 18
904 880 21
880 878 31
878 866 19
878 879 21
879 877 27
877 867 13
877 876 23
876 869 17
869 868 21
869 870 17
870 738 31
870 872 15
872 871 10
871 869 27
871 875 12
875 876 28
876 881 50
881 879 17
881 880 23
881 890 18
890 889 15
889 882 31
882 881 34
882 883 13
883 884 16
884 875 17
875 874 17
874 873 12
873 872 14
873 870 26
874 886 26
886 887 36
887 888 19
888 885 32
885 883 17
885 884 12
885 886 14
888 889 33
889 897 12
897 898 19
898 889 27
890 899 42
899 898 17
898 900 14
900 899 14
899 901 16
901 902 20
902 945 27
945 901 20
945 944 13
944 946 14
946 899 18
946 947 21
947 900 13
947 948 27
948 897 29
888 891 17
891 892 17
892 887 21
892 893 25
893 891 21
893 894 19
894 892 26
894 895 12
895 896 33
896 893 23
896 948 11
896 955 47
954 953 25
953 948 19
948 949 34
949 947 22
953 952 180
952 949 15
949 950 180
950 943 21
943 944 19
944 912 310
949 1048 15
1048 943 19
943 922 210
922 942 19
942 943 170
942 941 15
941 950 19
950 951 240
951 952 140
951 954 170
954 960 34
960 941 18
941 940 14
940 1006 18
1006 922 17
1006 923 16
940 939 13
939 938 12
938 1007 14
1007 924 14
924 939 20
940 961 18
961 960 19
960 940 24
1009 960 12
1009 962 15
962 1008 16
1008 961 11
961 938 13
1008 937 16
937 1007 17
937 936 17
936 935 25
936 998 21
936 997 18
936 996 29
996 963 21
963 962 16
962 996 35
963 959 34
959 1009 33
959 958 17
958 954 16
954 955 16
956 958 21
956 955 15
956 957 18
957 895 60
957 959 32
959 956 20
959 965 26
965 967 13
967 957 16
957 1010 23
1010 969 23
969 968 18
968 967 15
968 970 33
970 971 29
971 969 15
965 966 16
966 964 14
964 959 25
988 966 29
988 964 32
964 989 22
989 988 17
989 990 24
990 995 16
995 996 14
996 997 21
994 995 13
993 994 16
994 990 22
990 991 17
991 987 21
987 990 23
987 988 17
987 970 22
970 986 25
986 985 19
985 987 20
985 1050 19
1050 992 22
992 991 22
1050 1052 14
1052 992 11
1052 983 12
983 1050 10
1050 1051 16
983 982 38
1051 983 13
1051 981 20
981 982 24
981 980 14
980 979 13
979 978 18
978 980 16
978 977 18
977 981 30
977 984 31
984 981 23
984 985 18
984 986 26
986 1049 20
1049 984 26
1049 976 16
976 977 17
977 975 18
975 978 22
975 976 25
975 974 34
974 973 23
973 976 32
973 972 16
972 1049 32
972 971 25
111 1053 24
1053 141 26
117 118 15
319 320 16
720 718 19
182 184 20
9 19 150
19 12 20
767 769 410
827 823 17
827 1000 20
933 999 180
934 998 22
315 306 230
320 321 20
414 419 200
21 143 25
24 30 190
813 815 19
805 806 10
205 210 17
134 131 15
263 335 17
35 36 17
175 176 22
176 177 150
