82
6 4
3 6
1 4
2 4
1 2
30 13
3 2
15 4
15 7
16 15
18 4
18 11
21 8
21 14
22 17
26 17
27 1
27 19
28 12
24 12
9 3
14 1
15 1
16 9
17 11
17 16
20 5
20 7
20 10
21 6
21 11
22 11
30 13
9 8
10 7
14 1
17 11
20 5
23 7
23 8
24 12
27 4
27 11
27 19
29 9
29 22
7 2
3 2
4 3
20 8
8 4
9 6
10 9
12 8
13 12
17 9
18 5
18 7
7 2
4 2
5 4
7 2
3 2
5 4
15 7
2 1
3 1
3 2
10 3
11 1
13 3
14 3
9 4
5 4
6 1
6 4
7 2
3 0
18 9
4 3
6 1
9 6
10 9
11 6
14 5
15 3
17 6
17 9
20 9
9 8
10 3
12 5
14 9
16 8
16 9
19 6
19 10
19 11
21 10
3 1
6 4
8 5
11 8
12 9
14 9
15 4
15 12
17 8
17 11
26 12
6 3
11 9
17 10
19 4
19 7
19 16
20 10
22 12
24 3
24 23
25 13
25 15
6 2
3 2
4 2
22 10
8 1
10 7
12 3
13 2
13 7
14 7
18 1
18 13
20 13
21 14
30 13
6 1
12 1
15 11
16 3
17 12
20 9
22 15
24 4
24 6
24 18
29 8
29 9
29 14
4 0
22 10
5 3
7 5
8 1
11 10
18 11
18 15
20 4
20 9
21 11
21 16
23 10
2 1
8 4
12 7
17 10
17 13
18 10
18 14
21 4
21 11
22 11
25 12
5 1
11 6
16 7
17 7
17 8
18 9
20 2
20 11
22 6
22 12
22 13
23 15
22 10
6 2
9 3
12 7
12 11
15 1
15 11
16 9
17 9
19 3
19 15
24 12
3 1
8 5
13 4
16 10
17 4
17 10
18 9
18 16
20 2
20 3
21 8
23 5
11 5
2 1
4 1
6 1
8 2
8 7
28 11
3 2
8 3
12 9
16 5
16 14
20 1
20 8
20 15
22 4
24 9
24 22
20 9
4 3
6 4
9 1
10 2
11 10
14 7
14 13
16 12
19 18
15 6
4 1
11 8
12 6
13 8
13 12
14 1
17 6
4 1
7 4
8 6
11 2
14 7
15 3
9 2
4 1
7 1
12 4
6 2
6 5
9 2
9 5
13 6
3 1
5 4
6 5
7 6
9 5
10 9
9 3
2 1
6 1
7 5
5 1
2 1
3 0
21 9
4 3
5 4
8 7
11 9
14 1
16 9
17 2
20 2
20 3
25 10
4 2
10 2
15 1
16 11
17 11
17 16
18 16
19 4
20 17
23 4
6 2
2 1
4 1
28 13
8 2
10 5
12 2
12 5
13 8
13 10
14 7
15 11
16 4
17 9
20 14
21 6
27 26
11 5
2 1
5 2
7 1
9 5
10 4
10 3
3 2
7 6
9 3
12 6
4 2
8 3
8 5
9 7
10 8
11 8
28 12
7 1
8 6
12 8
13 9
15 14
18 6
20 7
20 11
21 4
22 5
23 1
23 16
2 0
20 8
8 7
11 8
13 12
17 9
17 10
18 4
18 8
19 2
24 11
4 3
11 10
14 1
14 2
17 15
18 13
19 8
21 14
22 2
22 10
23 2
29 14
10 5
12 6
13 12
14 3
18 2
18 8
19 2
21 4
22 5
22 13
26 25
27 21
27 25
28 18
23 11
11 1
16 15
17 2
17 10
17 11
19 3
19 14
20 1
21 10
22 1
22 21
21 9
8 4
10 9
11 3
11 7
12 10
15 10
17 14
19 9
20 16
99 32
16 6
33 5
36 11
43 9
43 39
45 44
47 21
47 46
51 36
52 29
53 49
54 48
57 38
57 47
63 31
68 50
68 57
70 3
70 33
72 61
73 66
79 30
81 65
82 4
84 30
84 55
87 61
88 19
94 22
94 38
95 69
97 88
50 16
10 3
12 2
13 2
18 6
21 20
23 4
32 3
34 21
36 6
40 12
42 16
44 42
45 30
45 35
47 40
48 47
10 4
3 1
7 1
7 5
7 6
102 33
19 8
25 21
33 19
42 41
45 43
47 45
51 23
54 45
55 22
55 54
57 45
58 28
58 32
64 53
65 2
68 36
69 12
70 67
74 68
78 9
79 47
80 52
81 33
83 82
85 2
85 22
86 12
89 87
90 13
90 50
97 10
98 50
101 85
79 26
5 4
16 10
21 15
35 24
37 31
38 16
39 1
41 32
46 26
47 20
53 14
53 23
54 21
61 43
64 17
65 21
69 63
72 27
72 37
73 53
74 60
75 6
75 8
75 11
77 24
78 36
102 33
14 1
16 9
19 15
24 18
25 22
28 17
31 28
37 33
45 8
45 18
47 11
48 15
50 34
51 4
51 15
57 36
62 45
69 64
72 7
72 43
78 5
80 30
80 51
82 14
83 3
84 35
86 79
89 28
93 21
94 84
95 86
95 90
96 64
65 20
14 3
21 2
21 9
25 4
33 32
36 9
43 14
45 12
45 43
47 3
54 1
54 28
55 29
56 52
57 5
57 43
61 37
62 49
63 1
64 43
82 155
6 5
9 3
9 5
10 7
12 2
13 1
15 2
15 13
17 7
19 14
20 3
20 11
23 5
25 8
25 11
25 22
27 18
28 17
29 10
29 25
30 26
31 8
32 20
32 22
33 11
35 2
35 21
36 3
38 3
38 34
39 3
39 27
40 8
40 17
41 13
42 30
43 32
43 40
44 32
44 34
45 11
45 20
45 35
46 29
46 36
46 42
46 43
46 44
47 22
47 26
47 29
47 33
48 35
49 37
49 44
50 42
51 2
51 6
51 46
52 11
52 45
53 27
53 41
53 43
55 6
55 20
55 22
55 28
56 28
56 35
56 40
56 48
57 12
57 29
57 35
57 49
58 4
58 55
59 22
59 40
59 46
59 52
60 27
60 38
61 41
62 36
62 49
62 53
63 28
63 30
64 40
64 52
64 55
65 12
65 21
65 32
66 19
66 61
67 18
67 19
67 27
67 43
68 47
68 54
69 25
69 32
70 2
70 5
70 30
70 32
70 33
70 65
70 69
71 27
72 15
72 17
72 32
72 50
72 69
73 8
73 10
73 15
73 18
73 58
74 16
74 43
74 46
74 50
74 64
75 7
75 20
75 58
76 37
76 72
76 75
77 5
77 15
77 19
77 28
77 40
77 58
77 69
77 70
77 74
78 9
78 52
78 74
79 19
79 24
79 27
79 48
79 50
80 33
81 53
81 59
82 26
34 21
41 21
44 28
46 26
46 28
46 43
47 28
50 30
51 28
53 15
53 26
55 38
57 8
59 7
60 36
63 37
64 52
67 20
68 14
74 9
75 1
75 57
77 33
77 53
79 40
80 58
79 152
4 1
9 6
11 3
13 4
13 12
14 8
17 5
17 10
18 16
18 17
20 12
20 15
21 7
22 2
22 21
24 3
24 14
25 10
26 8
27 2
28 4
28 8
28 14
30 1
30 6
30 17
30 18
31 3
31 9
31 18
32 19
32 25
33 2
35 5
35 15
35 20
35 29
38 10
40 13
40 17
41 6
41 36
42 25
43 26
43 38
44 4
44 17
44 42
45 4
46 14
47 33
47 36
48 13
48 17
49 27
49 48
50 5
50 8
50 9
50 15
50 23
50 27
50 37
50 44
50 45
51 2
51 11
51 26
51 29
51 47
52 39
52 46
52 51
53 30
54 42
55 8
55 36
55 38
56 32
57 5
57 21
57 33
57 51
58 40
58 45
59 15
59 34
59 38
59 55
61 1
61 28
62 9
62 13
62 31
63 3
63 4
63 62
64 30
64 55
65 4
65 15
65 17
65 32
65 45
65 52
66 34
67 21
67 43
67 47
67 60
68 4
68 48
68 56
68 64
69 3
69 12
69 20
69 39
69 48
69 61
70 21
70 23
70 66
71 52
71 60
71 68
72 5
72 28
73 5
73 27
73 51
74 40
74 48
74 53
74 64
74 67
74 71
75 26
75 53
75 56
75 57
75 67
75 74
76 21
76 26
76 29
76 64
76 75
77 1
77 18
78 67
78 73
107 35
13 7
25 24
33 2
37 7
41 34
46 23
49 24
56 29
56 31
59 42
61 33
64 26
66 47
70 68
77 16
80 18
80 44
80 57
81 37
81 80
85 68
87 2
88 37
89 50
91 30
91 36
94 37
95 85
96 23
98 20
100 9
100 20
104 61
106 57
106 103
108 36
5 3
26 20
34 32
45 33
46 18
47 18
48 47
50 35
51 15
56 6
57 45
61 12
62 44
67 27
67 39
71 25
73 16
73 38
77 59
79 58
79 61
82 46
82 58
86 8
86 55
87 12
88 50
89 66
89 71
91 63
96 25
97 17
98 4
103 62
104 65
106 93
62 116
5 1
7 2
11 2
12 7
14 10
14 12
15 8
16 2
17 4
17 12
19 6
19 18
21 10
23 16
24 12
25 3
25 7
25 13
26 6
27 8
27 18
28 12
28 19
28 26
29 21
30 6
30 17
31 5
31 15
31 16
31 19
32 13
33 2
33 13
34 4
34 5
34 15
34 16
34 26
35 23
35 30
36 3
36 22
37 3
37 12
37 15
37 16
37 25
37 27
39 3
39 29
39 33
39 38
40 23
40 28
41 40
42 20
43 2
43 9
43 37
43 40
45 3
46 34
47 9
47 24
47 29
47 32
47 36
48 29
48 45
49 1
49 23
49 42
50 2
50 10
50 11
50 27
50 30
50 42
51 5
51 9
51 12
51 20
51 25
52 38
53 5
53 8
53 12
53 16
54 15
54 17
54 21
54 32
54 52
55 21
55 42
56 43
57 43
58 8
58 28
58 40
59 2
59 21
59 24
59 26
59 33
59 51
60 19
60 33
60 45
60 52
60 56
61 13
61 24
61 50
61 54
77 25
24 8
29 4
34 23
34 31
36 1
37 15
37 35
38 35
41 2
44 5
50 49
54 18
54 50
55 17
56 33
56 45
56 46
61 23
63 2
64 61
67 21
67 62
72 42
73 35
74 66
103 33
21 12
22 15
24 23
30 24
32 15
38 25
50 19
59 3
59 34
65 4
68 36
68 48
70 64
74 11
77 1
79 45
80 38
82 36
82 81
85 10
85 44
85 75
86 65
88 24
90 11
91 71
93 69
94 10
96 16
96 62
98 34
101 32
101 43
84 27
13 4
23 6
29 1
31 29
34 12
36 27
38 9
44 42
47 8
53 26
54 39
57 35
57 42
65 11
68 44
69 9
70 36
70 50
71 44
73 8
73 59
74 29
76 59
76 61
81 21
81 44
83 53
56 17
10 9
22 8
32 9
36 12
36 19
42 25
42 30
43 11
44 5
45 9
48 3
48 45
50 10
50 22
51 7
52 8
54 6
24 11
8 2
8 7
9 2
10 2
12 6
14 2
15 2
16 4
18 12
22 8
22 13
81 149
3 2
6 3
11 3
15 14
17 10
18 5
20 7
21 1
22 20
22 21
23 15
24 2
25 22
26 3
28 3
28 26
29 6
31 2
31 10
32 1
32 27
33 18
34 15
35 6
35 11
36 8
37 15
37 30
37 35
38 33
39 27
39 28
40 9
40 12
40 13
40 20
40 36
41 15
43 8
43 9
43 27
44 23
44 41
45 9
45 28
45 34
46 6
46 28
46 40
48 16
48 24
49 22
51 13
52 37
52 43
53 1
53 6
53 9
53 27
53 36
54 4
54 46
55 31
55 40
56 6
56 40
57 3
57 43
57 49
57 53
58 8
58 18
58 23
58 37
59 22
59 28
59 36
59 49
59 53
59 56
60 9
60 45
60 46
60 59
61 5
61 48
62 45
62 59
64 20
64 53
65 20
65 35
65 42
66 21
66 32
66 50
67 5
67 7
67 9
67 23
67 28
67 33
67 65
68 6
68 19
68 22
68 39
68 50
69 2
69 27
69 44
70 44
70 50
70 58
71 52
72 62
72 66
73 43
73 44
74 3
74 15
74 16
74 24
74 35
74 46
74 58
74 59
75 4
75 12
75 16
75 29
75 39
75 43
75 52
76 15
76 45
76 50
76 53
76 62
77 39
77 53
78 16
78 40
79 33
79 39
80 11
80 33
80 46
80 68
82 156
13 1
14 5
18 3
18 5
18 9
19 7
19 17
19 18
20 19
21 13
21 20
22 4
22 13
22 21
23 9
24 12
24 21
25 2
26 12
26 21
27 13
27 24
28 27
30 2
32 17
32 30
33 17
36 3
36 11
36 20
36 28
36 30
37 30
37 32
38 22
39 12
40 39
42 25
42 37
42 39
43 8
44 23
45 30
45 31
45 44
46 39
47 38
48 4
48 26
48 36
49 13
49 30
49 47
51 6
51 10
51 28
51 45
52 23
52 35
52 46
53 9
53 49
54 13
54 20
54 24
54 41
54 43
54 45
55 28
55 37
55 38
55 45
57 31
57 43
57 48
58 8
58 11
58 37
58 41
58 47
58 57
59 38
60 13
60 16
60 38
60 39
60 44
60 51
60 56
61 11
61 22
61 36
62 15
62 48
63 10
64 11
64 27
64 36
64 43
64 55
64 56
65 39
65 59
65 63
66 30
67 7
67 48
67 60
67 64
68 2
68 24
68 32
69 47
70 39
70 41
71 36
71 55
71 70
72 47
72 58
73 8
73 9
73 29
73 41
73 72
74 33
74 58
74 72
75 21
75 35
75 53
75 59
76 9
76 20
76 65
77 6
77 34
77 71
78 5
78 22
78 57
79 13
79 19
79 20
79 21
79 22
79 43
79 61
79 63
79 69
80 21
80 64
80 75
81 15
81 64
81 72
75 24
11 10
17 14
19 11
23 9
27 26
33 8
37 4
37 8
37 33
38 27
41 20
44 6
50 46
51 26
51 37
52 44
53 26
59 53
63 14
64 10
68 16
69 45
73 60
74 15
68 21
11 6
15 12
27 5
32 1
34 10
37 36
39 33
42 34
50 47
50 49
51 48
52 24
56 5
57 42
58 4
58 6
61 39
62 1
63 14
66 43
66 47
170 333
15 3
17 14
19 15
21 16
22 12
25 1
27 9
30 18
31 26
32 31
33 1
33 2
33 16
33 23
34 9
35 7
36 33
38 7
39 17
39 19
39 20
40 6
40 20
41 16
41 19
42 1
42 13
44 11
44 31
44 42
46 1
46 3
48 26
49 3
49 13
50 46
53 34
53 51
54 3
54 13
58 21
60 19
60 38
60 48
61 9
62 17
63 1
64 4
64 12
64 36
65 4
65 5
65 18
66 44
67 43
67 65
68 34
68 42
69 26
69 29
69 60
70 36
71 44
72 41
72 49
73 16
73 50
74 21
74 22
74 46
75 58
75 70
77 10
77 63
78 45
78 74
79 25
79 75
79 76
80 4
80 36
81 1
81 2
81 22
81 37
82 56
83 11
83 47
83 73
84 3
84 72
84 83
85 33
86 6
86 38
86 74
87 20
88 69
89 61
90 7
90 27
90 37
90 73
91 18
91 22
91 31
91 62
92 20
92 88
95 21
95 86
96 10
96 14
97 35
97 54
97 83
98 24
98 32
98 35
99 1
99 39
100 75
101 59
101 82
102 75
102 81
102 93
103 63
104 50
104 69
104 83
104 87
104 88
105 5
105 12
105 53
106 95
107 20
107 87
109 99
109 102
110 37
110 45
111 28
111 85
112 33
112 50
112 79
113 11
114 86
115 40
115 66
116 2
116 4
116 34
116 47
116 56
116 91
116 93
116 95
117 73
117 75
118 53
118 63
119 29
119 110
119 112
119 118
120 50
121 57
121 83
122 7
122 41
122 50
122 85
122 89
123 34
123 43
123 55
124 17
124 21
124 23
124 35
124 55
124 81
124 116
125 11
125 15
125 20
125 25
125 63
125 88
125 108
126 2
126 27
126 29
127 7
127 26
127 41
127 52
127 67
127 77
128 26
128 97
128 101
129 23
129 26
129 42
129 96
130 14
131 18
133 80
133 126
134 21
134 24
134 45
135 14
135 21
135 102
136 4
136 8
136 19
136 101
136 102
136 118
137 36
138 78
138 92
138 116
140 18
140 35
140 50
141 52
141 60
142 39
142 47
142 112
142 136
143 96
143 101
143 142
144 21
144 44
144 97
144 99
145 102
146 130
147 19
147 42
147 48
147 78
147 142
148 24
148 56
148 58
148 73
148 77
148 131
149 9
149 13
149 32
149 44
149 132
150 13
150 37
150 84
150 85
150 89
150 136
151 63
151 90
151 100
151 148
152 65
152 70
152 105
152 135
153 30
153 70
153 72
153 123
153 148
153 149
154 17
154 138
154 147
155 44
155 126
156 61
156 125
157 66
157 76
157 89
157 113
158 18
158 38
158 71
158 88
158 133
158 147
158 149
158 157
159 71
159 91
159 146
160 77
160 113
160 114
160 156
161 45
161 63
161 90
162 127
163 146
163 150
164 88
164 163
165 35
165 89
165 151
166 110
166 164
166 165
167 125
168 60
168 67
168 131
168 151
169 21
169 89
169 102
169 111
169 148
237 465
3 2
18 3
20 18
20 19
21 6
21 7
25 10
37 25
39 8
40 27
40 38
42 8
42 32
44 29
45 42
46 33
47 37
48 37
49 12
50 4
52 13
53 13
54 32
54 52
55 19
56 29
56 31
57 1
57 21
57 29
59 38
61 2
61 59
62 35
62 41
64 35
66 52
67 35
68 31
69 50
69 54
70 69
73 59
73 66
75 12
81 18
81 55
82 74
82 79
83 48
83 66
85 22
86 17
86 35
86 68
86 76
87 69
88 52
88 81
89 80
89 83
90 1
92 63
92 70
93 67
94 17
94 66
95 88
96 82
97 36
99 28
99 90
100 40
101 15
101 93
101 97
102 49
102 64
102 67
102 79
103 19
103 90
104 71
104 98
106 64
106 89
107 17
108 56
108 85
108 95
108 98
109 13
109 42
110 63
110 101
111 105
112 41
113 42
114 95
115 5
115 22
115 47
115 67
115 102
116 26
116 38
116 113
117 1
117 116
118 30
119 64
119 73
119 89
119 108
120 15
121 28
121 57
122 2
122 35
122 69
122 110
122 121
123 3
123 82
124 33
124 80
125 104
126 21
126 35
126 103
127 2
127 58
127 61
128 34
130 128
132 23
132 36
132 77
133 52
133 93
133 104
134 101
134 105
135 20
135 47
136 18
136 91
136 108
137 41
137 52
138 6
138 108
138 127
139 22
139 32
139 66
139 85
141 17
142 79
142 134
143 33
143 38
143 70
143 113
144 6
144 46
145 72
145 79
146 124
146 137
147 27
147 40
147 99
147 135
148 113
149 23
149 87
149 141
150 27
150 102
151 24
151 25
151 41
151 124
152 9
152 42
152 150
153 25
154 111
155 90
155 111
157 140
158 10
158 55
158 132
158 137
159 50
159 130
159 146
160 90
161 38
161 61
161 128
162 18
162 40
162 93
162 107
163 78
163 139
163 140
164 2
165 8
165 82
165 148
166 44
166 129
166 139
167 7
167 91
167 122
167 132
168 107
168 122
168 124
168 126
169 6
170 13
170 82
170 96
170 112
170 120
171 28
171 82
171 92
172 27
172 33
172 113
172 136
173 17
173 19
173 29
173 60
173 74
173 133
174 106
174 135
175 105
176 11
176 87
177 121
178 54
178 65
178 99
178 123
179 1
179 30
179 47
179 58
179 129
180 10
180 63
181 40
181 86
181 179
182 127
182 137
183 11
183 91
183 113
184 70
184 97
184 111
184 160
185 34
185 52
185 86
185 108
186 3
186 38
187 11
187 109
188 128
188 141
188 155
189 174
189 182
190 1
190 25
190 121
190 148
190 153
191 5
191 28
191 94
191 148
192 183
193 41
193 171
194 90
195 19
195 141
196 3
196 193
197 79
198 39
198 65
198 120
198 184
199 4
199 56
199 192
200 176
201 35
201 42
201 47
201 64
201 75
201 87
201 95
202 49
202 91
202 129
202 136
202 160
203 77
203 91
203 146
203 190
204 88
204 124
204 134
205 24
205 88
205 103
205 117
205 198
206 106
206 137
207 158
207 197
207 198
208 147
208 154
209 44
209 70
209 112
209 145
210 50
210 127
210 128
210 138
211 7
211 17
211 61
211 94
211 190
212 100
212 137
212 139
212 147
212 151
213 76
213 100
214 2
214 17
214 60
214 89
214 90
214 160
214 165
215 124
216 14
216 88
217 3
217 15
217 28
217 82
217 198
218 16
218 18
218 48
218 50
218 78
218 102
219 76
219 104
219 113
219 115
219 133
219 139
219 148
219 189
219 197
220 87
220 101
220 118
220 136
220 169
220 183
220 200
221 3
221 17
222 84
222 135
222 165
222 211
222 214
223 24
223 65
223 91
223 111
223 120
223 122
223 186
223 191
224 115
224 190
224 192
225 41
225 45
225 57
225 124
225 130
225 138
225 214
226 23
226 41
226 52
226 150
226 178
226 211
226 219
227 18
227 111
227 146
228 28
228 50
229 182
229 216
230 51
230 68
230 75
230 188
231 75
231 125
231 175
232 23
232 52
232 178
232 215
232 226
233 123
233 165
234 9
234 57
234 68
234 69
234 227
235 74
235 84
235 149
235 193
236 81
236 101
236 229
195 64
15 12
27 23
32 5
37 36
39 20
42 12
47 8
48 3
55 5
55 18
63 59
73 58
76 48
76 63
79 39
80 13
82 78
85 38
88 38
88 72
90 44
91 13
95 33
95 90
96 59
100 45
119 114
124 52
125 74
127 111
130 93
137 79
147 88
147 126
149 21
149 82
149 86
150 4
152 105
153 17
153 143
157 137
162 91
164 55
165 7
168 143
170 21
170 45
170 59
171 55
172 118
175 41
177 131
181 82
181 167
183 47
183 150
184 74
185 74
185 88
187 44
187 127
189 14
193 42
192 63
38 5
48 37
54 16
59 11
67 64
69 59
70 58
71 70
72 1
72 38
83 81
94 2
97 24
104 33
105 38
110 84
113 59
113 75
113 111
118 33
119 40
120 70
122 74
128 69
132 16
132 48
132 127
134 105
136 52
136 84
140 25
141 14
141 81
141 96
142 81
142 119
143 60
145 91
149 140
150 119
152 67
153 140
155 57
157 8
157 82
158 28
160 147
166 123
166 138
168 63
171 102
171 123
172 89
173 127
174 66
177 103
178 173
180 132
182 62
182 149
189 85
190 89
191 130
189 62
22 21
27 4
34 2
52 9
54 42
61 9
61 14
63 16
66 13
74 45
77 19
82 21
94 60
96 66
100 93
104 98
108 10
108 41
110 54
113 48
115 19
117 95
119 72
120 33
122 15
122 38
128 37
131 56
133 32
133 81
142 44
143 133
144 101
144 123
147 94
151 85
153 8
154 109
156 143
160 31
162 20
162 23
162 107
166 157
167 100
168 75
170 58
171 154
173 63
173 96
173 140
174 157
175 24
176 53
177 24
180 163
181 50
181 175
184 149
184 165
185 68
188 186
147 284
6 4
7 1
16 8
18 15
19 11
21 17
21 18
23 17
23 21
24 7
24 21
26 2
26 15
27 6
27 9
28 27
29 17
29 25
32 2
33 11
33 21
33 29
33 30
34 8
34 15
36 7
36 16
36 18
37 5
39 4
39 33
41 12
41 18
43 40
43 42
44 37
44 38
48 12
48 28
49 15
50 13
50 33
50 41
52 33
53 5
53 6
53 17
53 21
53 48
54 23
55 18
55 21
55 36
55 48
56 41
57 16
57 21
57 41
58 38
58 39
59 22
59 30
59 38
59 47
59 54
61 59
62 27
62 32
62 55
64 50
65 32
66 15
66 33
67 14
67 28
67 63
68 22
71 40
72 8
72 58
74 17
75 5
75 14
75 16
76 53
76 55
77 6
77 45
77 65
77 68
77 75
78 26
78 28
78 36
79 16
80 45
80 46
80 49
81 43
81 77
82 43
82 44
82 45
82 46
83 23
83 49
83 61
83 63
83 68
84 68
84 70
85 44
86 57
89 74
90 58
90 67
90 78
91 46
91 49
92 68
92 81
94 47
94 79
96 20
96 56
97 79
97 87
98 81
99 16
99 43
100 10
100 70
100 82
100 85
101 42
101 92
101 93
102 8
102 61
102 79
102 81
103 33
103 46
103 62
103 69
103 91
104 72
104 92
105 10
105 43
105 53
105 63
106 43
106 81
106 83
107 19
107 21
107 71
108 62
108 63
109 48
109 52
109 60
109 83
109 90
110 65
110 66
111 23
111 62
111 67
112 60
113 4
113 85
114 15
114 38
114 41
114 44
114 108
114 113
115 3
115 4
115 6
115 27
116 31
116 92
117 29
117 38
117 106
118 91
119 6
119 75
119 82
119 85
120 17
120 22
120 100
120 105
121 1
121 15
121 35
121 84
121 108
122 45
122 59
122 72
122 87
122 100
123 3
123 5
123 24
123 32
123 46
123 79
123 99
123 104
124 8
124 47
124 49
124 79
125 119
126 80
127 21
127 73
127 111
127 116
128 42
128 119
129 1
129 86
129 98
130 75
130 109
131 63
131 102
131 108
132 7
132 11
132 68
132 123
132 126
133 4
134 85
135 3
135 47
135 60
135 90
136 124
137 4
137 15
137 92
138 9
138 19
138 60
138 131
139 112
139 117
139 130
139 138
140 2
140 19
140 55
140 80
140 83
140 101
141 100
142 39
142 83
143 1
143 10
143 22
143 25
143 49
143 83
143 90
143 105
143 121
144 121
144 129
145 1
145 21
145 35
145 134
146 72
146 87
230 75
28 8
28 13
31 19
37 7
44 13
52 7
59 17
69 56
73 57
77 10
79 2
81 69
83 37
89 3
90 56
91 59
94 28
105 86
107 15
110 45
110 58
110 80
111 31
112 48
112 86
114 87
117 109
118 8
119 68
127 48
130 32
132 105
133 19
134 111
136 96
139 35
143 5
143 130
144 143
150 12
154 16
155 58
155 84
159 146
161 54
165 91
165 114
167 2
167 81
169 43
173 136
176 153
178 43
181 89
182 89
183 16
184 14
184 48
186 182
188 26
188 177
192 88
194 127
195 127
198 146
198 166
203 46
208 164
212 106
219 128
220 183
221 214
223 182
227 8
227 192
141 46
7 4
10 3
13 7
28 15
30 13
40 34
49 47
53 14
53 43
54 5
73 40
81 71
83 12
84 38
87 42
88 44
89 31
92 21
95 28
95 82
96 75
96 87
98 12
100 56
102 80
104 64
104 102
106 9
106 41
107 9
107 60
107 84
111 45
113 101
114 90
118 49
118 83
124 104
125 34
125 67
130 105
131 96
136 53
136 76
138 25
139 73
179 354
3 1
14 4
20 16
21 17
22 1
34 10
34 13
34 15
34 17
34 29
35 12
36 1
37 4
37 20
39 26
40 3
40 11
42 9
43 24
44 15
45 44
46 6
47 11
48 6
49 31
49 44
50 27
50 45
51 14
51 40
52 37
54 7
54 20
54 44
55 8
55 15
55 31
56 33
57 5
58 17
58 29
58 44
59 38
59 49
60 32
61 6
63 27
63 38
64 2
64 19
64 26
65 25
65 32
65 36
66 29
66 47
67 23
67 43
68 38
68 50
69 36
69 53
70 38
71 4
71 54
71 64
72 34
73 5
73 11
73 33
73 62
74 73
75 17
75 32
77 24
77 42
79 6
79 49
79 66
80 41
80 42
80 77
81 44
81 74
82 31
82 39
82 50
82 71
82 79
83 4
83 19
83 59
83 61
83 67
85 7
85 63
86 18
87 25
87 62
87 64
88 40
88 57
89 4
89 35
89 76
90 15
90 50
91 56
91 69
92 42
92 69
93 64
93 75
93 76
94 93
96 1
96 26
96 89
97 20
98 13
98 43
98 81
99 69
100 35
100 36
100 73
101 93
102 7
102 29
102 32
102 33
102 57
102 76
102 89
103 67
103 87
104 67
105 33
105 45
105 48
105 80
105 83
105 89
105 93
106 99
107 5
108 3
108 28
108 88
108 100
109 23
110 94
110 100
110 104
111 9
111 12
111 28
111 75
111 88
112 42
112 102
113 51
115 92
116 11
116 33
116 73
116 76
117 103
118 14
118 57
118 76
119 30
119 49
120 87
121 7
121 32
121 42
121 71
121 74
121 90
122 7
122 56
123 22
123 38
123 93
123 108
124 36
124 100
124 123
125 96
125 116
126 8
126 60
127 10
127 99
127 106
128 3
129 21
129 23
129 29
129 114
129 128
130 89
131 5
131 104
132 75
132 79
132 110
133 38
133 43
133 54
133 61
133 81
133 119
133 122
133 123
134 7
134 13
134 72
134 124
135 67
135 126
136 21
136 78
137 9
137 133
138 8
138 54
138 90
141 53
141 88
141 120
142 97
142 135
143 1
143 80
143 103
144 32
144 35
145 22
145 76
146 69
146 142
147 16
147 109
147 111
147 128
147 129
148 3
148 93
148 104
148 121
148 141
149 6
149 55
149 65
149 81
149 120
149 133
150 43
150 121
151 6
151 52
151 76
152 77
152 107
152 133
153 85
153 120
153 147
154 1
154 24
155 18
155 31
155 48
155 124
155 125
156 86
156 92
156 125
156 151
157 49
157 59
157 84
158 11
158 25
158 60
159 1
159 34
159 39
159 104
160 134
160 144
162 96
163 32
163 49
163 89
164 24
164 61
164 122
165 57
165 96
165 118
165 131
165 134
166 45
167 101
167 154
168 19
168 85
168 92
168 126
169 63
169 74
169 136
170 28
170 82
170 97
170 137
170 146
171 44
171 80
171 159
172 34
173 6
173 30
173 39
173 60
173 79
173 111
173 151
173 170
174 16
174 122
175 27
175 36
175 53
175 84
175 131
175 148
176 1
176 35
176 65
176 102
176 155
176 160
176 173
177 100
177 134
177 160
177 163
178 6
178 36
178 174
400 133
31 8
43 9
50 30
59 31
62 10
64 11
79 31
83 53
89 47
91 43
99 63
102 14
105 8
105 20
114 17
117 46
124 2
125 98
127 91
130 39
132 35
134 98
137 105
141 38
144 69
147 55
157 144
165 82
166 50
169 128
170 151
171 82
172 135
180 175
181 7
183 157
184 90
191 45
194 128
200 34
201 15
214 32
214 117
214 144
215 15
218 31
220 74
220 118
221 27
224 35
227 68
227 74
233 157
246 6
246 126
249 244
252 80
257 121
261 40
264 166
264 246
266 92
271 265
272 166
274 97
274 157
274 168
276 56
280 183
284 70
285 12
297 233
299 57
306 159
307 73
310 272
312 122
313 298
317 67
317 249
318 113
322 299
324 293
324 316
327 62
332 262
335 189
336 49
338 333
339 299
340 285
342 316
343 77
344 138
344 235
345 127
346 90
346 123
348 294
351 262
351 297
355 113
356 326
361 334
363 93
367 269
368 167
368 207
369 80
370 27
372 172
373 278
377 25
377 296
382 361
383 31
383 274
384 31
384 163
385 194
385 232
385 238
385 251
386 14
390 32
390 232
390 298
391 323
394 340
396 121
396 243
397 10
398 291
400 0
